[7, 4, 1, 13, 1, 13, 1, 13, 1, 13, 1, 13, 1, 13, 1, 6, 1, 6, 1, 6]
[7, 4, 1, 13, 1, 13, 1, 13, 1, 6, 1, 6, 1, 26, 10, 8]
[7, 4, 1, 6, 1, 6]
[5, 9]
[7, 4, 1, 6, 1, 26, 10, 8]
[5, 9]
[7, 4, 1, 6, 1, 6, 1, 26, 10, 8]
[7, 4, 1, 13, 1, 13, 1, 6, 1, 6, 1, 6, 199]
[7, 4, 1, 13, 1, 13, 1, 6, 1, 6, 1, 6, 1, 26, 10, 8]
[5, 49, 4]
[5, 9]
[7, 4, 1, 6, 1, 26, 10, 8]
[5, 49, 4]
[7, 4, 1, 6, 1, 26, 10, 8]
[7, 4, 1, 6, 1, 26, 10, 8]
[7, 4, 1, 6, 1, 26, 10, 8]
[7, 4, 1, 6, 1, 6, 1, 26, 10, 8]
[7, 4, 1, 13, 1, 13, 1, 13, 1, 13, 1, 13, 1, 13, 1, 6, 1, 6, 1, 6]
[7, 4, 1, 13, 1, 6, 1, 6, 1, 6]
[7, 4, 1, 13, 1, 13, 1, 6, 1, 6, 1, 26, 10, 8]
[7, 4, 1, 13, 1, 13, 1, 13, 1, 6, 1, 6, 1, 6, 1, 26, 10, 8]
[5, 9]
[7, 4, 1, 6, 1, 26, 10, 8]
[7, 4, 1, 13, 1, 13, 1, 13, 1, 13, 1, 13, 1, 13, 1, 6, 1, 6, 1, 26, 10, 8]
[6, 8]
[7, 4, 1, 13, 1, 13, 1, 6, 1, 6, 1, 26, 10, 8]
[7, 4, 1, 13, 1, 6, 1, 6, 1, 26, 10, 8]
[7, 4, 1, 13, 1, 6, 1, 26, 10, 8]
[7, 4, 1, 6, 1, 26, 10, 8]
[6, 1, 6, 199]
[7, 4, 1, 6, 1, 26, 10, 8]
[7, 4, 1, 6, 1, 26, 10, 8]
[7, 4, 1, 13, 1, 6, 1, 6]
[7, 4, 1, 13, 1, 13, 1, 6, 1, 6, 1, 26, 10, 8]
[7, 4, 1, 13, 1, 13, 1, 6, 1, 6, 1, 6, 1, 26, 10, 8]
[7, 4, 1, 13, 1, 13, 1, 13, 1, 13, 1, 6, 1, 6, 1, 6]
[5, 9]
[7, 4, 1, 13, 1, 13, 1, 13, 1, 13, 1, 6, 1, 6, 1, 6, 199]
[7, 4, 1, 13, 1, 13, 1, 13, 1, 6, 1, 6, 1, 26, 10, 8]
[7, 4, 1, 13, 1, 13, 1, 13, 1, 13, 1, 13, 1, 13, 1, 6, 1, 6, 1, 6, 1, 26, 10, 8]
[5, 9]
[7, 4, 1, 13, 1, 13, 1, 13, 1, 13, 1, 13, 1, 6, 1, 6, 1, 6]
[5, 9]
[5, 9]
[7, 4, 1, 13, 1, 13, 1, 13, 1, 6, 1, 6, 1, 6, 1, 26, 10, 8]
[7, 4, 1, 6, 1, 26, 10, 8]
[7, 4, 1, 6, 1, 26, 10, 8]
[5, 9]
[7, 4, 1, 13, 1, 13, 1, 13, 1, 13, 1, 13, 1, 6, 1, 6, 1, 6, 1, 26, 10, 8]
[7, 4, 1, 13, 1, 13, 1, 13, 1, 13, 1, 13, 1, 13, 1, 6, 1, 6, 1, 6, 1, 26, 10, 8]
[7, 4, 1, 13, 1, 13, 1, 13, 1, 6, 1, 6, 1, 26, 10, 8]
[5, 49, 4]
[7, 4, 1, 13, 1, 13, 1, 13, 1, 13, 1, 13, 1, 13, 1, 13, 1, 13, 1, 13, 1, 13, 1, 13, 1, 13, 1, 13, 1, 6, 1, 6, 1, 6, 1, 26, 10, 8]
[7, 4, 1, 13, 1, 13, 1, 13, 1, 6, 1, 6, 1, 26, 10, 8]
[5, 9]
[7, 4, 1, 13, 1, 13, 1, 6, 1, 6, 1, 6, 1, 26, 10, 8]
[5, 9]
[7, 4, 1, 6, 1, 26, 10, 8]
[5, 9]
[6, 8]
[7, 4, 1, 13, 1, 13, 1, 13, 1, 13, 1, 6, 1, 6, 1, 6]
[7, 4, 1, 13, 1, 6, 1, 6, 1, 6, 1, 26, 10, 8]
[7, 4, 1, 13, 1, 13, 1, 13, 1, 6, 1, 6, 1, 6, 1, 26, 10, 8]
[7, 4, 1, 6, 1, 6, 1, 26, 10, 8]
[7, 4, 1, 13, 1, 6, 1, 6, 1, 26, 10, 8]
[7, 4, 1, 6, 1, 6, 1, 26, 10, 8]
[6, 8, 1, 6, 199]
[7, 4, 1, 6, 1, 26, 10, 8]
[7, 4, 1, 13, 1, 13, 1, 6, 1, 6, 1, 26, 10, 8]
[7, 4, 1, 13, 1, 13, 1, 6, 1, 6, 1, 6, 1, 26, 10, 8]
[7, 4, 1, 13, 1, 6, 1, 6, 1, 6, 199]
[7, 4, 1, 13, 1, 13, 1, 13, 1, 6, 1, 6, 1, 6]
[7, 4, 1, 13, 1, 13, 1, 6, 1, 6, 1, 6, 1, 26, 10, 8]
[7, 4, 1, 6, 1, 6, 1, 26, 10, 8]
[7, 4, 1, 6, 1, 26, 10, 8]
[7, 4, 1, 6, 1, 26, 10, 8]
[7, 4, 1, 13, 1, 6, 1, 6, 1, 6, 199]
[7, 4, 1, 13, 1, 13, 1, 13, 1, 13, 1, 6, 1, 6, 1, 6, 1, 26, 10, 8]
[7, 4, 1, 13, 1, 13, 1, 13, 1, 13, 1, 13, 1, 13, 1, 6, 1, 6, 1, 26, 10, 8]
[7, 4, 1, 13, 1, 13, 1, 13, 1, 6, 1, 6, 1, 26, 10, 8]
[7, 4, 1, 6, 1, 6, 1, 26, 10, 8]
[7, 4, 1, 6, 1, 26, 10, 8]
[7, 4, 1, 6, 1, 26, 10, 8]
[7, 4, 1, 13, 1, 13, 1, 6, 1, 6, 1, 6]
[5, 9]
[5, 9]
[7, 4, 1, 13, 1, 6, 1, 6, 1, 26, 10, 8]
[7, 4, 1, 13, 1, 13, 1, 6, 1, 6, 1, 6, 1, 26, 10, 8]
[7, 4, 1, 13, 1, 6, 1, 6, 1, 6, 1, 26, 10, 8]
[6, 8]
[5, 9]
[7, 4, 1, 6, 1, 26, 10, 8]
[7, 4, 1, 6, 1, 6]
[5, 9]
[7, 4, 1, 13, 1, 6, 1, 6, 1, 26, 10, 8]
[7, 4, 1, 13, 1, 6, 1, 6, 1, 6, 1, 26, 10, 8]
[7, 4, 1, 6, 1, 26, 10, 8]
[7, 4, 1, 6, 1, 6, 1, 26, 10, 8]
[7, 4, 1, 13, 1, 6, 1, 6, 1, 6, 1, 26, 10, 8]
[7, 4, 1, 13, 1, 13, 1, 13, 1, 13, 1, 6, 1, 6, 1, 6]
[7, 4, 1, 13, 1, 6, 1, 26, 10, 8]
[7, 4, 1, 6, 1, 26, 10, 8]
[7, 4, 1, 6, 1, 26, 10, 8]
[7, 4, 1, 13, 1, 13, 1, 13, 1, 13, 1, 13, 1, 6, 1, 6, 1, 6, 1, 26, 10, 8]
[5, 9]
[5, 49, 4]
[7, 4, 1, 6, 1, 26, 10, 8]
[5, 9]
[7, 4, 1, 13, 1, 13, 1, 13, 1, 13, 1, 6, 1, 6, 1, 6, 199]
[5, 9]
[7, 4, 1, 6, 1, 6, 1, 26, 10, 8]
[7, 4, 1, 13, 1, 13, 1, 6, 1, 6, 1, 6]
[7, 4, 1, 6, 1, 26, 10, 8]
[5, 9]
[7, 4, 1, 6, 1, 26, 10, 8]
[7, 4, 1, 13, 1, 6, 1, 6, 1, 6]
[7, 4, 1, 13, 1, 13, 1, 13, 1, 6, 1, 6, 1, 6, 1, 26, 10, 8]
[7, 4, 1, 6, 1, 26, 10, 8]
[7, 4, 1, 13, 1, 6, 1, 6, 1, 26, 10, 8]
[5, 49, 4]
[7, 4, 1, 13, 1, 13, 1, 13, 1, 13, 1, 6, 1, 6, 1, 6]
[7, 4, 1, 13, 1, 13, 1, 13, 1, 13, 1, 6, 1, 6, 1, 6, 1, 26, 10, 8]
[7, 4, 1, 13, 1, 13, 1, 13, 1, 6, 1, 6, 1, 6, 1, 26, 10, 8]
[7, 4, 1, 6, 1, 6, 1, 26, 10, 8]
[7, 4, 1, 13, 1, 6, 1, 6, 1, 6, 1, 26, 10, 8]
[7, 4, 1, 6, 1, 6, 1, 26, 10, 8]
[7, 4, 1, 13, 1, 13, 1, 13, 1, 13, 1, 13, 1, 6, 1, 6, 1, 6, 1, 26, 10, 8]
[7, 4, 1, 13, 1, 13, 1, 13, 1, 6, 1, 6, 1, 6, 1, 26, 10, 8]
[7, 4, 1, 13, 1, 13, 1, 6, 1, 6, 1, 6, 1, 26, 10, 8]
[7, 4, 1, 6, 1, 26, 10, 8]
[7, 4, 1, 13, 1, 13, 1, 13, 1, 13, 1, 13, 1, 6, 1, 6, 1, 6, 1, 26, 10, 8]
[7, 4, 1, 13, 1, 13, 1, 13, 1, 13, 1, 13, 1, 13, 1, 6, 1, 6, 1, 6]
[7, 4, 1, 13, 1, 13, 1, 13, 1, 13, 1, 6, 1, 6, 1, 26, 10, 8]
[5, 9]
[5, 9]
[7, 4, 1, 6, 1, 6, 1, 26, 10, 8]
[5, 9]
[7, 4, 1, 6, 1, 26, 10, 8]
[6, 8, 1, 6, 1, 26, 10, 8]
[7, 4, 1, 13, 1, 6, 1, 6, 1, 26, 10, 8]
[7, 4, 1, 13, 1, 6, 1, 6, 1, 6, 1, 26, 10, 8]
[7, 4, 1, 13, 1, 13, 1, 13, 1, 6, 1, 6, 1, 26, 10, 8]
[7, 4, 1, 13, 1, 13, 1, 13, 1, 13, 1, 13, 1, 13, 1, 13, 1, 6, 1, 6, 1, 26, 10, 8]
[7, 4, 1, 13, 1, 13, 1, 13, 1, 13, 1, 13, 1, 6, 1, 6, 1, 6]
[5, 9]
[5, 9]
[7, 4, 1, 13, 1, 13, 1, 6, 1, 6, 1, 6, 1, 26, 10, 8]
[7, 4, 1, 6, 1, 26, 10, 8]
[5, 49, 4]
[5, 9]
[7, 4, 1, 13, 1, 13, 1, 13, 1, 13, 1, 6, 1, 6, 1, 6, 1, 26, 10, 8]
[5, 9]
[5, 9]
[5, 9]
[7, 4, 1, 13, 1, 6, 1, 6, 1, 6, 1, 26, 10, 8]
[7, 4, 1, 13, 1, 13, 1, 6, 1, 6, 1, 6, 1, 26, 10, 8]
[7, 4, 1, 6, 1, 26, 10, 8]
[7, 4, 1, 13, 1, 13, 1, 13, 1, 13, 1, 13, 1, 13, 1, 13, 1, 13, 1, 6, 1, 6, 1, 6, 1, 26, 10, 8]
[5, 9]
[5, 9]
[7, 4, 1, 6, 1, 6, 1, 26, 10, 8]
[6, 8]
[6, 8, 1, 6, 199]
[7, 4, 1, 6, 1, 26, 10, 8]
[7, 4, 1, 13, 1, 13, 1, 13, 1, 6, 1, 6, 1, 6]
[7, 4, 1, 13, 1, 13, 1, 13, 1, 13, 1, 13, 1, 13, 1, 6, 1, 6, 1, 26, 10, 8]
[5, 9]
[7, 4, 1, 13, 1, 13, 1, 6, 1, 6, 1, 26, 10, 8]
[6, 8, 1, 6, 1, 26, 10, 8]
[6, 1, 6, 199]
[5, 9]
[7, 4, 1, 13, 1, 13, 1, 13, 1, 6, 1, 6, 1, 6]
[7, 4, 1, 13, 1, 13, 1, 6, 1, 6, 1, 26, 10, 8]
[7, 4, 1, 13, 1, 13, 1, 6, 1, 6, 1, 6, 1, 26, 10, 8]
[5, 49, 4]
[5, 9]
[5, 9]
[7, 4, 1, 13, 1, 13, 1, 13, 1, 13, 1, 6, 1, 6, 1, 6]
[5, 9]
[7, 4, 1, 6, 1, 6, 1, 26, 10, 8]
[7, 4, 1, 13, 1, 13, 1, 13, 1, 6, 1, 6, 1, 6]
[5, 9]
[7, 4, 1, 13, 1, 6, 1, 6, 1, 6, 1, 26, 10, 8]
[7, 4, 1, 13, 1, 13, 1, 13, 1, 6, 1, 6, 1, 6, 199]
[7, 4, 1, 6, 1, 26, 10, 8]
[7, 4, 1, 13, 1, 6, 1, 6, 199]
[7, 4, 1, 13, 1, 6, 1, 6, 1, 26, 10, 8]
[5, 9]
[7, 4, 1, 6, 1, 6, 1, 26, 10, 8]
[5, 9]
[7, 4, 1, 13, 1, 13, 1, 6, 1, 6, 1, 6]
[7, 4, 1, 13, 1, 6, 1, 6, 1, 26, 10, 8]
[7, 4, 1, 13, 1, 13, 1, 13, 1, 6, 1, 6, 1, 6, 199]
[5, 9]
[7, 4, 1, 13, 1, 13, 1, 13, 1, 13, 1, 13, 1, 13, 1, 13, 1, 13, 1, 6, 1, 6, 1, 6, 1, 26, 10, 8]
[7, 4, 1, 13, 1, 6, 1, 6]
[5, 49, 4]
[5, 9]
[5, 9]
[7, 4, 1, 6, 1, 6]
[7, 4, 1, 6, 1, 6, 1, 26, 10, 8]
[7, 4, 1, 13, 1, 13, 1, 13, 1, 6, 1, 6, 1, 6]
[7, 4, 1, 13, 1, 13, 1, 6, 1, 6, 1, 26, 10, 8]
[7, 4, 1, 13, 1, 13, 1, 13, 1, 6, 1, 6, 1, 26, 10, 8]
[7, 4, 1, 6, 1, 26, 10, 8]
[7, 4, 1, 13, 1, 13, 1, 13, 1, 6, 1, 6, 1, 6, 199]
[7, 4, 1, 13, 1, 6, 1, 6, 1, 6, 1, 26, 10, 8]
[7, 4, 1, 13, 1, 13, 1, 13, 1, 13, 1, 6, 1, 6, 1, 6]
[5, 9]
[5, 9]
[7, 4, 1, 6, 1, 6, 1, 26, 10, 8]
[5, 9]
[7, 4, 1, 6, 1, 6, 1, 26, 10, 8]
[7, 4, 1, 13, 1, 13, 1, 6, 1, 6, 1, 6, 1, 26, 10, 8]
[7, 4, 1, 13, 1, 6, 1, 6, 1, 26, 10, 8]
[7, 4, 1, 13, 1, 13, 1, 6, 1, 6, 1, 26, 10, 8]
[5, 9]
[7, 4, 1, 13, 1, 13, 1, 13, 1, 13, 1, 6, 1, 6, 1, 6, 199]
[7, 4, 1, 13, 1, 13, 1, 6, 1, 6, 1, 6, 1, 26, 10, 8]
[6, 8, 1, 6, 199]
[5, 9]
[7, 4, 1, 13, 1, 13, 1, 13, 1, 13, 1, 13, 1, 6, 1, 6, 1, 6]
[5, 9]
[7, 4, 1, 13, 1, 6, 1, 6, 1, 26, 10, 8]
[7, 4, 1, 13, 1, 6, 1, 26, 10, 8]
[7, 4, 1, 13, 1, 13, 1, 13, 1, 13, 1, 13, 1, 13, 1, 6, 1, 6, 1, 6, 1, 26, 10, 8]
[7, 4, 1, 6, 1, 26, 10, 8]
[5, 9]
[5, 9]
[5, 9]
[7, 4, 1, 6, 1, 6, 1, 26, 10, 8]
[7, 4, 1, 13, 1, 13, 1, 6, 1, 6, 1, 6]
[7, 4, 1, 13, 1, 13, 1, 13, 1, 13, 1, 13, 1, 13, 1, 13, 1, 6, 1, 6, 1, 6, 1, 26, 10, 8]
[5, 9]
[5, 9]
[7, 4, 1, 13, 1, 13, 1, 13, 1, 13, 1, 6, 1, 6, 1, 6]
[7, 4, 1, 13, 1, 13, 1, 13, 1, 13, 1, 6, 1, 6, 1, 6, 199]
[7, 4, 1, 13, 1, 13, 1, 13, 1, 6, 1, 6, 1, 6, 1, 26, 10, 8]
[5, 49, 4]
[7, 4, 1, 13, 1, 6, 1, 6, 1, 26, 10, 8]
[7, 4, 1, 13, 1, 13, 1, 13, 1, 13, 1, 13, 1, 13, 1, 13, 1, 6, 1, 6, 1, 6, 1, 26, 10, 8]
[7, 4, 1, 6, 1, 6, 1, 26, 10, 8]
[5, 9]
[5, 49, 4]
[7, 4, 1, 13, 1, 13, 1, 6, 1, 6, 1, 6, 1, 26, 10, 8]
[7, 4, 1, 6, 1, 6, 1, 26, 10, 8]
[7, 4, 1, 13, 1, 6, 1, 6, 1, 26, 10, 8]
[7, 4, 1, 13, 1, 13, 1, 6, 1, 6, 1, 6, 1, 26, 10, 8]
[7, 4, 1, 13, 1, 13, 1, 13, 1, 6, 1, 6, 1, 6, 1, 26, 10, 8]
[7, 4, 1, 13, 1, 13, 1, 13, 1, 6, 1, 6, 1, 6, 1, 26, 10, 8]
[7, 4, 1, 13, 1, 6, 1, 6, 1, 6, 199]
[7, 4, 1, 6, 1, 26, 10, 8]
[7, 4, 1, 13, 1, 13, 1, 13, 1, 6, 1, 6, 1, 6, 1, 26, 10, 8]
[7, 4, 1, 13, 1, 13, 1, 6, 1, 6, 1, 6, 1, 26, 10, 8]
[7, 4, 1, 13, 1, 6, 1, 6, 1, 6, 1, 26, 10, 8]
[7, 4, 1, 6, 1, 26, 10, 8]
[5, 9]
[7, 4, 1, 13, 1, 6, 1, 26, 10, 8]
[7, 4, 1, 6, 1, 26, 10, 8]
[7, 4, 1, 13, 1, 6, 1, 6, 1, 26, 10, 8]
[5, 9]
[7, 4, 1, 13, 1, 6, 1, 6, 1, 26, 10, 8]
[7, 4, 1, 13, 1, 6, 1, 6, 1, 26, 10, 8]
[7, 4, 1, 6, 1, 6, 1, 26, 10, 8]
[7, 4, 1, 13, 1, 13, 1, 13, 1, 13, 1, 6, 1, 6, 1, 6, 1, 26, 10, 8]
[7, 4, 1, 13, 1, 6, 1, 26, 10, 8]
[7, 4, 1, 13, 1, 13, 1, 13, 1, 6, 1, 6, 1, 26, 10, 8]
[7, 4, 1, 13, 1, 13, 1, 6, 1, 6, 1, 26, 10, 8]
[7, 4, 1, 6, 1, 26, 10, 8]
[7, 4, 1, 13, 1, 6, 1, 6, 199]
[7, 4, 1, 6, 1, 6, 1, 26, 10, 8]
[6, 8, 1, 6, 199]
[5, 9]
[5, 9]
[5, 9]
[5, 9]
[7, 4, 1, 6, 1, 26, 10, 8]
[7, 4, 1, 6, 1, 26, 10, 8]
[7, 4, 1, 13, 1, 6, 1, 6, 1, 6]
[7, 4, 1, 13, 1, 13, 1, 13, 1, 13, 1, 6, 1, 6, 1, 26, 10, 8]
[7, 4, 1, 6, 1, 6, 1, 26, 10, 8]
[7, 4, 1, 6, 1, 6, 1, 26, 10, 8]
[5, 9]
[5, 9]
[7, 4, 1, 13, 1, 13, 1, 13, 1, 6, 1, 6, 1, 6, 1, 26, 10, 8]
[7, 4, 1, 6, 1, 26, 10, 8]
[7, 4, 1, 13, 1, 6, 1, 6, 1, 26, 10, 8]
[7, 4, 1, 13, 1, 6, 1, 6, 1, 26, 10, 8]
[7, 4, 1, 13, 1, 13, 1, 13, 1, 6, 1, 6, 1, 6, 1, 26, 10, 8]
[7, 4, 1, 6, 1, 6, 1, 26, 10, 8]
[5, 9]
[7, 4, 1, 6, 1, 6, 1, 26, 10, 8]
[5, 9]
[5, 9]
[7, 4, 1, 6, 1, 26, 10, 8]
[7, 4, 1, 13, 1, 13, 1, 13, 1, 13, 1, 6, 1, 6, 1, 26, 10, 8]
[7, 4, 1, 6, 1, 26, 10, 8]
[7, 4, 1, 13, 1, 13, 1, 13, 1, 13, 1, 13, 1, 6, 1, 6, 1, 26, 10, 8]
[7, 4, 1, 13, 1, 13, 1, 13, 1, 6, 1, 6, 1, 6, 199]
[7, 4, 1, 6, 1, 26, 10, 8]
[7, 4, 1, 13, 1, 13, 1, 13, 1, 6, 1, 6, 1, 6, 1, 26, 10, 8]
[7, 4, 1, 13, 1, 13, 1, 13, 1, 13, 1, 13, 1, 13, 1, 6, 1, 6, 1, 6]
[5, 9]
[7, 4, 1, 6, 1, 6]
[7, 4, 1, 13, 1, 6, 1, 6, 1, 26, 10, 8]
[7, 4, 1, 6, 1, 26, 10, 8]
[5, 9]
[5, 9]
[7, 4, 1, 13, 1, 13, 1, 6, 1, 6, 1, 26, 10, 8]
[7, 4, 1, 6, 1, 6, 1, 26, 10, 8]
[5, 9]
[7, 4, 1, 13, 1, 13, 1, 13, 1, 13, 1, 6, 1, 6, 1, 6, 1, 26, 10, 8]
[5, 9]
[7, 4, 1, 13, 1, 13, 1, 6, 1, 6, 1, 26, 10, 8]
[7, 4, 1, 13, 1, 13, 1, 6, 1, 6, 1, 26, 10, 8]
[6, 1, 6, 199]
[7, 4, 1, 13, 1, 6, 1, 6, 1, 6, 1, 26, 10, 8]
[6, 1, 6, 199]
[7, 4, 1, 13, 1, 13, 1, 13, 1, 13, 1, 13, 1, 13, 1, 6, 1, 6, 1, 6, 199]
[7, 4, 1, 13, 1, 13, 1, 6, 1, 6, 1, 6]
[7, 4, 1, 13, 1, 13, 1, 13, 1, 13, 1, 6, 1, 6, 1, 6, 1, 26, 10, 8]
[7, 4, 1, 13, 1, 13, 1, 6, 1, 6, 1, 6, 1, 26, 10, 8]
[7, 4, 1, 13, 1, 13, 1, 13, 1, 6, 1, 6, 1, 6, 1, 26, 10, 8]
[5, 49, 4]
[7, 4, 1, 6, 1, 26, 10, 8]
[7, 4, 1, 13, 1, 6, 1, 6, 1, 6, 1, 26, 10, 8]
[5, 9]
[5, 9]
[7, 4, 1, 13, 1, 13, 1, 6, 1, 6, 1, 6, 1, 26, 10, 8]
[7, 4, 1, 13, 1, 13, 1, 13, 1, 6, 1, 6, 1, 26, 10, 8]
[7, 4, 1, 13, 1, 6, 1, 6, 1, 6]
[7, 4, 1, 13, 1, 13, 1, 13, 1, 6, 1, 6, 1, 6, 1, 26, 10, 8]
[5, 9]
[7, 4, 1, 6, 1, 26, 10, 8]
[7, 4, 1, 6, 1, 26, 10, 8]
[7, 4, 1, 13, 1, 6, 1, 6, 1, 26, 10, 8]
[5, 9]
[7, 4, 1, 13, 1, 13, 1, 6, 1, 6, 1, 6, 1, 26, 10, 8]
[7, 4, 1, 13, 1, 13, 1, 13, 1, 13, 1, 13, 1, 13, 1, 6, 1, 6, 1, 6, 199]
[5, 9]
[7, 4, 1, 6, 1, 26, 10, 8]
[7, 4, 1, 13, 1, 13, 1, 6, 1, 6, 1, 6, 1, 26, 10, 8]
[7, 4, 1, 6, 1, 6, 1, 26, 10, 8]
[7, 4, 1, 13, 1, 6, 1, 6, 1, 26, 10, 8]
[7, 4, 1, 13, 1, 6, 1, 6, 1, 6, 1, 26, 10, 8]
[7, 4, 1, 13, 1, 13, 1, 13, 1, 13, 1, 6, 1, 6, 1, 6, 1, 26, 10, 8]
[7, 4, 1, 13, 1, 13, 1, 6, 1, 6, 1, 6, 1, 26, 10, 8]
[5, 9]
[7, 4, 1, 13, 1, 13, 1, 13, 1, 13, 1, 6, 1, 6, 1, 6, 199]
[5, 9]
[7, 4, 1, 13, 1, 13, 1, 13, 1, 6, 1, 6, 1, 6]
[7, 4, 1, 13, 1, 13, 1, 13, 1, 13, 1, 13, 1, 13, 1, 13, 1, 13, 1, 13, 1, 13, 1, 13, 1, 13, 1, 13, 1, 13, 1, 13, 1, 13, 1, 13, 1, 6, 1, 6, 1, 6]
[7, 4, 1, 13, 1, 6, 1, 6, 1, 26, 10, 8]
[5, 9]
[7, 4, 1, 6, 1, 6]
[7, 4, 1, 6, 1, 26, 10, 8]
[7, 4, 1, 13, 1, 13, 1, 6, 1, 6, 1, 26, 10, 8]
[5, 9]
[7, 4, 1, 13, 1, 13, 1, 13, 1, 13, 1, 13, 1, 13, 1, 6, 1, 6, 1, 26, 10, 8]
[7, 4, 1, 13, 1, 6, 1, 6, 1, 26, 10, 8]
[7, 4, 1, 13, 1, 13, 1, 6, 1, 6, 1, 6, 1, 26, 10, 8]
[7, 4, 1, 13, 1, 13, 1, 13, 1, 13, 1, 13, 1, 6, 1, 6, 1, 6, 1, 26, 10, 8]
[7, 4, 1, 13, 1, 13, 1, 6, 1, 6, 1, 6, 1, 26, 10, 8]
[7, 4, 1, 13, 1, 6, 1, 6, 1, 6, 1, 26, 10, 8]
[7, 4, 1, 6, 1, 26, 10, 8]
[7, 4, 1, 13, 1, 13, 1, 13, 1, 6, 1, 6, 1, 6, 1, 26, 10, 8]
[7, 4, 1, 13, 1, 13, 1, 13, 1, 6, 1, 6, 1, 26, 10, 8]
[5, 9]
[7, 4, 1, 13, 1, 13, 1, 13, 1, 13, 1, 13, 1, 13, 1, 6, 1, 6, 1, 6, 1, 26, 10, 8]
[6, 1, 6, 199]
[7, 4, 1, 13, 1, 6, 1, 6, 1, 6, 1, 26, 10, 8]
[7, 4, 1, 13, 1, 13, 1, 13, 1, 13, 1, 13, 1, 6, 1, 6, 1, 6, 199]
[7, 4, 1, 13, 1, 13, 1, 6, 1, 6, 1, 6, 1, 26, 10, 8]
[7, 4, 1, 13, 1, 6, 1, 6, 1, 26, 10, 8]
[7, 4, 1, 6, 1, 6, 1, 26, 10, 8]
[7, 4, 1, 6, 1, 26, 10, 8]
[5, 9]
[7, 4, 1, 13, 1, 6, 1, 6, 1, 6, 1, 26, 10, 8]
[7, 4, 1, 13, 1, 6, 1, 6, 199]
[7, 4, 1, 13, 1, 6, 1, 6, 1, 26, 10, 8]
[7, 4, 1, 13, 1, 13, 1, 13, 1, 13, 1, 13, 1, 13, 1, 13, 1, 6, 1, 6, 1, 6, 1, 26, 10, 8]
[7, 4, 1, 13, 1, 13, 1, 6, 1, 6, 1, 26, 10, 8]
[5, 49, 4]
[7, 4, 1, 13, 1, 6, 1, 6, 1, 26, 10, 8]
[7, 4, 1, 13, 1, 13, 1, 6, 1, 6, 1, 26, 10, 8]
[7, 4, 1, 13, 1, 13, 1, 6, 1, 6, 1, 6]
[7, 4, 1, 6, 1, 26, 10, 8]
[7, 4, 1, 13, 1, 13, 1, 13, 1, 13, 1, 6, 1, 6, 1, 26, 10, 8]
[7, 4, 1, 13, 1, 6, 1, 6, 199]
[7, 4, 1, 6, 1, 26, 10, 8]
[7, 4, 1, 13, 1, 13, 1, 6, 1, 6, 1, 6]
[6, 8, 1, 6, 199]
[7, 4, 1, 6, 1, 26, 10, 8]
[7, 4, 1, 6, 1, 26, 10, 8]
[5, 49, 4]
[7, 4, 1, 13, 1, 13, 1, 6, 1, 6, 1, 26, 10, 8]
[7, 4, 1, 6, 1, 26, 10, 8]
[5, 9]
[7, 4, 1, 13, 1, 13, 1, 6, 1, 6, 1, 26, 10, 8]
[7, 4, 1, 13, 1, 13, 1, 13, 1, 6, 1, 6, 1, 26, 10, 8]
[5, 9]
[6, 8]
[7, 4, 1, 13, 1, 13, 1, 6, 1, 6, 1, 6]
[7, 4, 1, 13, 1, 13, 1, 6, 1, 6, 1, 26, 10, 8]
[7, 4, 1, 13, 1, 13, 1, 13, 1, 13, 1, 13, 1, 6, 1, 6, 1, 6]
[7, 4, 1, 13, 1, 13, 1, 6, 1, 6, 1, 6, 1, 26, 10, 8]
[5, 9]
[7, 4, 1, 13, 1, 13, 1, 13, 1, 6, 1, 6, 1, 6]
[7, 4, 1, 6, 1, 26, 10, 8]
[7, 4, 1, 6, 1, 6, 1, 26, 10, 8]
[5, 9]
[7, 4, 1, 13, 1, 6, 1, 26, 10, 8]
[7, 4, 1, 6, 1, 26, 10, 8]
[7, 4, 1, 13, 1, 6, 1, 26, 10, 8]
[7, 4, 1, 13, 1, 13, 1, 13, 1, 6, 1, 6, 1, 6]
[6, 8]
[7, 4, 1, 13, 1, 13, 1, 6, 1, 6, 1, 6, 1, 26, 10, 8]
[5, 9]
[5, 9]
[7, 4, 1, 13, 1, 6, 1, 6, 1, 6]
[7, 4, 1, 13, 1, 13, 1, 13, 1, 13, 1, 13, 1, 6, 1, 6, 1, 6, 1, 26, 10, 8]
[7, 4, 1, 13, 1, 13, 1, 13, 1, 13, 1, 6, 1, 6, 1, 6, 1, 26, 10, 8]
[7, 4, 1, 13, 1, 13, 1, 13, 1, 13, 1, 6, 1, 6, 1, 6, 1, 26, 10, 8]
[5, 9]
[7, 4, 1, 13, 1, 6, 1, 6, 1, 6, 1, 26, 10, 8]
[7, 4, 1, 13, 1, 6, 1, 6]
[7, 4, 1, 13, 1, 13, 1, 6, 1, 6, 1, 6]
[5, 9]
[7, 4, 1, 13, 1, 6, 1, 6, 1, 26, 10, 8]
[5, 9]
[5, 9]
[7, 4, 1, 13, 1, 6, 1, 6]
[7, 4, 1, 6, 1, 26, 10, 8]
[7, 4, 1, 13, 1, 13, 1, 6, 1, 6, 1, 6, 199]
[7, 4, 1, 6, 1, 26, 10, 8]
[7, 4, 1, 6, 1, 26, 10, 8]
[7, 4, 1, 13, 1, 6, 1, 6, 1, 26, 10, 8]
[7, 4, 1, 6, 1, 26, 10, 8]
[7, 4, 1, 13, 1, 13, 1, 6, 1, 6, 1, 6, 1, 26, 10, 8]
[7, 4, 1, 6, 1, 26, 10, 8]
[7, 4, 1, 13, 1, 13, 1, 13, 1, 13, 1, 13, 1, 13, 1, 13, 1, 13, 1, 13, 1, 13, 1, 6, 1, 6, 1, 6, 199]
[7, 4, 1, 13, 1, 6, 1, 6, 1, 26, 10, 8]
[7, 4, 1, 13, 1, 6, 1, 6, 1, 6, 1, 26, 10, 8]
[7, 4, 1, 13, 1, 6, 1, 6, 1, 26, 10, 8]
[7, 4, 1, 13, 1, 13, 1, 13, 1, 13, 1, 13, 1, 13, 1, 6, 1, 6, 1, 6, 1, 26, 10, 8]
[7, 4, 1, 13, 1, 13, 1, 6, 1, 6, 1, 6, 1, 26, 10, 8]
[7, 4, 1, 13, 1, 6, 1, 6, 1, 26, 10, 8]
[7, 4, 1, 6, 1, 26, 10, 8]
[7, 4, 1, 13, 1, 13, 1, 13, 1, 13, 1, 13, 1, 6, 1, 6, 1, 6, 1, 26, 10, 8]
[7, 4, 1, 13, 1, 13, 1, 13, 1, 13, 1, 13, 1, 6, 1, 6, 1, 6, 1, 26, 10, 8]
[7, 4, 1, 13, 1, 13, 1, 6, 1, 6, 1, 6, 1, 26, 10, 8]
[7, 4, 1, 13, 1, 13, 1, 6, 1, 6, 1, 26, 10, 8]
[7, 4, 1, 13, 1, 13, 1, 13, 1, 13, 1, 6, 1, 6, 1, 26, 10, 8]
[7, 4, 1, 6, 1, 26, 10, 8]
[7, 4, 1, 6, 1, 6, 1, 26, 10, 8]
[7, 4, 1, 13, 1, 6, 1, 6, 1, 6, 1, 26, 10, 8]
[7, 4, 1, 13, 1, 6, 1, 6, 1, 26, 10, 8]
[7, 4, 1, 13, 1, 13, 1, 13, 1, 13, 1, 13, 1, 13, 1, 6, 1, 6, 1, 6, 199]
[7, 4, 1, 6, 1, 26, 10, 8]
[5, 9]
[5, 49, 4]
[7, 4, 1, 6, 1, 26, 10, 8]
[7, 4, 1, 6, 1, 6, 1, 26, 10, 8]
[6, 1, 6, 199]
[7, 4, 1, 13, 1, 13, 1, 6, 1, 6, 1, 26, 10, 8]
[7, 4, 1, 6, 1, 26, 10, 8]
[7, 4, 1, 13, 1, 13, 1, 13, 1, 13, 1, 13, 1, 6, 1, 6, 1, 6, 199]
[5, 9]
[7, 4, 1, 13, 1, 6, 1, 6, 1, 26, 10, 8]
[7, 4, 1, 13, 1, 13, 1, 13, 1, 6, 1, 6, 1, 6, 1, 26, 10, 8]
[7, 4, 1, 13, 1, 13, 1, 13, 1, 6, 1, 6, 1, 6, 1, 26, 10, 8]
[7, 4, 1, 6, 1, 26, 10, 8]
[7, 4, 1, 13, 1, 6, 1, 6, 199]
[7, 4, 1, 13, 1, 13, 1, 13, 1, 13, 1, 6, 1, 6, 1, 6, 1, 26, 10, 8]
[7, 4, 1, 13, 1, 13, 1, 13, 1, 13, 1, 6, 1, 6, 1, 6, 1, 26, 10, 8]
[7, 4, 1, 6, 1, 6, 1, 26, 10, 8]
[7, 4, 1, 6, 1, 26, 10, 8]
[7, 4, 1, 6, 1, 26, 10, 8]
[7, 4, 1, 6, 1, 6, 1, 26, 10, 8]
[5, 9]
[7, 4, 1, 13, 1, 13, 1, 6, 1, 6, 1, 6]
[7, 4, 1, 13, 1, 6, 1, 6, 1, 6, 1, 26, 10, 8]
[7, 4, 1, 6, 1, 26, 10, 8]
[7, 4, 1, 13, 1, 13, 1, 13, 1, 13, 1, 13, 1, 13, 1, 6, 1, 6, 1, 6]
[7, 4, 1, 13, 1, 6, 1, 6, 1, 26, 10, 8]
[5, 9]
[7, 4, 1, 13, 1, 6, 1, 6, 1, 26, 10, 8]
[7, 4, 1, 13, 1, 13, 1, 6, 1, 6, 1, 6]
[7, 4, 1, 6, 1, 26, 10, 8]
[7, 4, 1, 13, 1, 13, 1, 13, 1, 6, 1, 6, 1, 6, 199]
[7, 4, 1, 13, 1, 6, 1, 6, 1, 6, 1, 26, 10, 8]
[7, 4, 1, 13, 1, 6, 1, 6, 199]
[7, 4, 1, 6, 1, 26, 10, 8]
[5, 9]
[5, 49, 4]
[5, 9]
[5, 9]
[6, 8, 1, 6, 1, 26, 10, 8]
[5, 49, 4]
[5, 9]
[7, 4, 1, 13, 1, 13, 1, 6, 1, 6, 1, 6, 1, 26, 10, 8]
[7, 4, 1, 6, 1, 26, 10, 8]
[7, 4, 1, 13, 1, 13, 1, 13, 1, 13, 1, 13, 1, 13, 1, 13, 1, 6, 1, 6, 1, 6, 1, 26, 10, 8]
[7, 4, 1, 13, 1, 13, 1, 13, 1, 13, 1, 6, 1, 6, 1, 26, 10, 8]
[7, 4, 1, 13, 1, 13, 1, 13, 1, 6, 1, 6, 1, 6, 1, 26, 10, 8]
[7, 4, 1, 13, 1, 13, 1, 13, 1, 13, 1, 13, 1, 13, 1, 13, 1, 13, 1, 6, 1, 6, 1, 6, 1, 26, 10, 8]
[7, 4, 1, 13, 1, 13, 1, 13, 1, 13, 1, 13, 1, 13, 1, 6, 1, 6, 1, 6]
[7, 4, 1, 13, 1, 13, 1, 13, 1, 13, 1, 13, 1, 6, 1, 6, 1, 6, 1, 26, 10, 8]
[7, 4, 1, 13, 1, 13, 1, 6, 1, 6, 1, 6, 1, 26, 10, 8]
[7, 4, 1, 13, 1, 6, 1, 6, 1, 26, 10, 8]
[5, 49, 4]
[7, 4, 1, 13, 1, 13, 1, 13, 1, 13, 1, 13, 1, 13, 1, 6, 1, 6, 1, 6]
[7, 4, 1, 13, 1, 13, 1, 6, 1, 6, 1, 6]
[7, 4, 1, 6, 1, 26, 10, 8]
[5, 9]
[5, 9]
[5, 9]
[5, 9]
[7, 4, 1, 6, 1, 6, 1, 26, 10, 8]
[7, 4, 1, 13, 1, 6, 1, 6, 1, 6]
[7, 4, 1, 13, 1, 13, 1, 13, 1, 13, 1, 13, 1, 6, 1, 6, 1, 6, 1, 26, 10, 8]
[5, 9]
[7, 4, 1, 13, 1, 13, 1, 13, 1, 6, 1, 6, 1, 6, 1, 26, 10, 8]
[5, 9]
[7, 4, 1, 6, 1, 26, 10, 8]
[7, 4, 1, 6, 1, 26, 10, 8]
[7, 4, 1, 13, 1, 13, 1, 6, 1, 6, 1, 6, 1, 26, 10, 8]
[7, 4, 1, 13, 1, 13, 1, 13, 1, 6, 1, 6, 1, 6, 1, 26, 10, 8]
[7, 4, 1, 13, 1, 13, 1, 13, 1, 13, 1, 6, 1, 6, 1, 6, 1, 26, 10, 8]
[7, 4, 1, 13, 1, 13, 1, 6, 1, 6, 1, 6]
[5, 9]
[7, 4, 1, 13, 1, 6, 1, 6, 1, 26, 10, 8]
[7, 4, 1, 13, 1, 13, 1, 13, 1, 13, 1, 13, 1, 13, 1, 13, 1, 6, 1, 6, 1, 6, 1, 26, 10, 8]
[7, 4, 1, 6, 1, 6]
[5, 9]
[5, 9]
[5, 49, 4]
[7, 4, 1, 13, 1, 13, 1, 13, 1, 13, 1, 13, 1, 6, 1, 6, 1, 6]
[7, 4, 1, 13, 1, 13, 1, 13, 1, 6, 1, 6, 1, 26, 10, 8]
[7, 4, 1, 13, 1, 13, 1, 13, 1, 13, 1, 6, 1, 6, 1, 6, 1, 26, 10, 8]
[7, 4, 1, 13, 1, 13, 1, 13, 1, 6, 1, 6, 1, 6]
[7, 4, 1, 13, 1, 13, 1, 13, 1, 6, 1, 6, 1, 6, 1, 26, 10, 8]
[5, 9]
[7, 4, 1, 13, 1, 13, 1, 6, 1, 6, 1, 6]
[7, 4, 1, 13, 1, 13, 1, 6, 1, 6, 1, 26, 10, 8]
[7, 4, 1, 13, 1, 13, 1, 13, 1, 6, 1, 6, 1, 6, 199]
[7, 4, 1, 6, 1, 26, 10, 8]
[7, 4, 1, 6, 1, 26, 10, 8]
[7, 4, 1, 13, 1, 6, 1, 26, 10, 8]
[5, 9]
[5, 9]
[5, 9]
[5, 9]
[7, 4, 1, 13, 1, 6, 1, 6, 1, 26, 10, 8]
[5, 49, 4]
[5, 9]
[7, 4, 1, 13, 1, 6, 1, 6, 1, 26, 10, 8]
[7, 4, 1, 13, 1, 6, 1, 6, 1, 26, 10, 8]
[7, 4, 1, 6, 1, 26, 10, 8]
[7, 4, 1, 13, 1, 13, 1, 13, 1, 6, 1, 6, 1, 6, 1, 26, 10, 8]
[7, 4, 1, 6, 1, 26, 10, 8]
[7, 4, 1, 13, 1, 13, 1, 6, 1, 6, 1, 26, 10, 8]
[5, 9]
[7, 4, 1, 13, 1, 6, 1, 6, 199]
[7, 4, 1, 13, 1, 6, 1, 6, 199]
[7, 4, 1, 13, 1, 6, 1, 6, 1, 6, 1, 26, 10, 8]
[5, 9]
[5, 9]
[7, 4, 1, 13, 1, 6, 1, 26, 10, 8]
[7, 4, 1, 6, 1, 26, 10, 8]
[7, 4, 1, 13, 1, 13, 1, 13, 1, 6, 1, 6, 1, 6, 1, 26, 10, 8]
[7, 4, 1, 6, 1, 26, 10, 8]
[7, 4, 1, 6, 1, 26, 10, 8]
[7, 4, 1, 13, 1, 6, 1, 6, 1, 26, 10, 8]
[7, 4, 1, 13, 1, 6, 1, 6, 1, 26, 10, 8]
[5, 9]
[7, 4, 1, 13, 1, 13, 1, 13, 1, 13, 1, 13, 1, 13, 1, 6, 1, 6, 1, 6, 1, 26, 10, 8]
[7, 4, 1, 6, 1, 26, 10, 8]
[7, 4, 1, 13, 1, 13, 1, 13, 1, 13, 1, 13, 1, 13, 1, 6, 1, 6, 1, 6, 199]
[5, 49, 4]
[5, 9]
[5, 9]
[7, 4, 1, 13, 1, 13, 1, 13, 1, 13, 1, 6, 1, 6, 1, 6, 1, 26, 10, 8]
[7, 4, 1, 13, 1, 13, 1, 13, 1, 6, 1, 6, 1, 6, 199]
[7, 4, 1, 13, 1, 6, 1, 6, 1, 26, 10, 8]
[7, 4, 1, 13, 1, 13, 1, 13, 1, 13, 1, 6, 1, 6, 1, 6]
[7, 4, 1, 13, 1, 13, 1, 13, 1, 13, 1, 6, 1, 6, 1, 6, 199]
[7, 4, 1, 6, 1, 26, 10, 8]
[7, 4, 1, 6, 1, 26, 10, 8]
[7, 4, 1, 13, 1, 13, 1, 13, 1, 6, 1, 6, 1, 6]
[5, 9]
[5, 9]
[7, 4, 1, 13, 1, 13, 1, 6, 1, 6, 1, 6, 1, 26, 10, 8]
[7, 4, 1, 13, 1, 6, 1, 6, 1, 26, 10, 8]
[7, 4, 1, 6, 1, 6, 199]
[7, 4, 1, 13, 1, 6, 1, 6, 1, 6]
[5, 9]
[7, 4, 1, 13, 1, 13, 1, 13, 1, 13, 1, 13, 1, 13, 1, 6, 1, 6, 1, 26, 10, 8]
[7, 4, 1, 6, 1, 26, 10, 8]
[7, 4, 1, 13, 1, 13, 1, 13, 1, 6, 1, 6, 1, 6]
[7, 4, 1, 13, 1, 13, 1, 6, 1, 6, 1, 26, 10, 8]
[7, 4, 1, 13, 1, 13, 1, 13, 1, 13, 1, 6, 1, 6, 1, 6, 1, 26, 10, 8]
[7, 4, 1, 6, 1, 6, 1, 26, 10, 8]
[5, 9]
[7, 4, 1, 13, 1, 13, 1, 6, 1, 6, 1, 6]
[7, 4, 1, 13, 1, 13, 1, 13, 1, 13, 1, 13, 1, 13, 1, 6, 1, 6, 1, 6, 1, 26, 10, 8]
[7, 4, 1, 13, 1, 13, 1, 13, 1, 6, 1, 6, 1, 26, 10, 8]
[7, 4, 1, 13, 1, 6, 1, 6, 1, 26, 10, 8]
[5, 9]
[5, 49, 4]
[7, 4, 1, 13, 1, 13, 1, 6, 1, 6, 1, 26, 10, 8]
[7, 4, 1, 13, 1, 13, 1, 6, 1, 6, 1, 6]
[7, 4, 1, 13, 1, 13, 1, 13, 1, 13, 1, 13, 1, 6, 1, 6, 1, 6, 1, 26, 10, 8]
[7, 4, 1, 13, 1, 13, 1, 13, 1, 13, 1, 13, 1, 13, 1, 6, 1, 6, 1, 6]
[7, 4, 1, 13, 1, 13, 1, 13, 1, 13, 1, 6, 1, 6, 1, 6, 199]
[7, 4, 1, 6, 1, 6, 1, 26, 10, 8]
[5, 9]
[7, 4, 1, 13, 1, 13, 1, 13, 1, 13, 1, 13, 1, 6, 1, 6, 1, 6]
[6, 8, 1, 6, 1, 26, 10, 8]
[7, 4, 1, 13, 1, 13, 1, 6, 1, 6, 1, 6]
[5, 49, 4]
[7, 4, 1, 13, 1, 13, 1, 13, 1, 6, 1, 6, 1, 26, 10, 8]
[5, 9]
[6, 8]
[7, 4, 1, 13, 1, 13, 1, 6, 1, 6, 1, 6, 1, 26, 10, 8]
[5, 9]
[7, 4, 1, 13, 1, 13, 1, 6, 1, 6, 1, 6, 1, 26, 10, 8]
[7, 4, 1, 13, 1, 13, 1, 13, 1, 6, 1, 6, 1, 6, 1, 26, 10, 8]
[7, 4, 1, 13, 1, 13, 1, 13, 1, 13, 1, 13, 1, 13, 1, 6, 1, 6, 1, 6]
[5, 9]
[5, 9]
[7, 4, 1, 13, 1, 13, 1, 6, 1, 6, 1, 6, 1, 26, 10, 8]
[7, 4, 1, 13, 1, 6, 1, 6, 1, 6]
[6, 1, 6, 199]
[5, 9]
[5, 9]
[7, 4, 1, 13, 1, 6, 1, 6, 1, 26, 10, 8]
[7, 4, 1, 13, 1, 13, 1, 13, 1, 13, 1, 6, 1, 6, 1, 26, 10, 8]
[7, 4, 1, 13, 1, 13, 1, 6, 1, 6, 1, 6, 199]
[7, 4, 1, 13, 1, 13, 1, 13, 1, 6, 1, 6, 1, 26, 10, 8]
[5, 9]
[7, 4, 1, 13, 1, 13, 1, 13, 1, 13, 1, 13, 1, 6, 1, 6, 1, 6, 1, 26, 10, 8]
[7, 4, 1, 13, 1, 13, 1, 6, 1, 6, 1, 26, 10, 8]
[7, 4, 1, 13, 1, 13, 1, 6, 1, 6, 1, 26, 10, 8]
[7, 4, 1, 13, 1, 13, 1, 13, 1, 13, 1, 13, 1, 6, 1, 6, 1, 6]
[5, 9]
[7, 4, 1, 13, 1, 6, 1, 6, 1, 26, 10, 8]
[7, 4, 1, 13, 1, 13, 1, 13, 1, 6, 1, 6, 1, 26, 10, 8]
[7, 4, 1, 13, 1, 13, 1, 13, 1, 13, 1, 6, 1, 6, 1, 6, 1, 26, 10, 8]
[5, 9]
[5, 9]
[5, 49, 4]
[7, 4, 1, 13, 1, 6, 1, 6, 1, 6]
[7, 4, 1, 6, 1, 6, 1, 26, 10, 8]
[5, 9]
[7, 4, 1, 13, 1, 13, 1, 13, 1, 13, 1, 13, 1, 6, 1, 6, 1, 6, 1, 26, 10, 8]
[7, 4, 1, 6, 1, 26, 10, 8]
[5, 49, 4]
[7, 4, 1, 13, 1, 6, 1, 6, 1, 6]
[7, 4, 1, 13, 1, 13, 1, 6, 1, 6, 1, 6, 1, 26, 10, 8]
[5, 49, 4]
[5, 9]
[7, 4, 1, 13, 1, 13, 1, 13, 1, 13, 1, 6, 1, 6, 1, 6]
[5, 9]
[7, 4, 1, 6, 1, 26, 10, 8]
[6, 8, 1, 6, 199]
[5, 49, 4]
[7, 4, 1, 13, 1, 13, 1, 13, 1, 13, 1, 13, 1, 6, 1, 6, 1, 6, 1, 26, 10, 8]
[5, 9]
[5, 9]
[7, 4, 1, 13, 1, 13, 1, 6, 1, 6, 1, 26, 10, 8]
[7, 4, 1, 13, 1, 13, 1, 6, 1, 6, 1, 26, 10, 8]
[7, 4, 1, 13, 1, 6, 1, 6, 1, 26, 10, 8]
[5, 49, 4]
[5, 9]
[5, 9]
[7, 4, 1, 13, 1, 13, 1, 13, 1, 6, 1, 6, 1, 26, 10, 8]
[7, 4, 1, 13, 1, 13, 1, 13, 1, 13, 1, 13, 1, 6, 1, 6, 1, 6]
[7, 4, 1, 13, 1, 13, 1, 6, 1, 6, 1, 26, 10, 8]
[7, 4, 1, 6, 1, 6, 1, 26, 10, 8]
[7, 4, 1, 13, 1, 6, 1, 6, 1, 6]
[7, 4, 1, 6, 1, 26, 10, 8]
[7, 4, 1, 6, 1, 6, 1, 26, 10, 8]
[5, 9]
[7, 4, 1, 13, 1, 13, 1, 6, 1, 6, 1, 6, 1, 26, 10, 8]
[7, 4, 1, 6, 1, 6, 1, 26, 10, 8]
[7, 4, 1, 13, 1, 6, 1, 6, 1, 6]
[7, 4, 1, 13, 1, 6, 1, 6, 1, 6, 1, 26, 10, 8]
[7, 4, 1, 13, 1, 6, 1, 6, 1, 26, 10, 8]
[7, 4, 1, 13, 1, 6, 1, 6]
[7, 4, 1, 6, 1, 26, 10, 8]
[7, 4, 1, 6, 1, 26, 10, 8]
[5, 9]
[7, 4, 1, 6, 1, 6, 1, 26, 10, 8]
[5, 9]
[7, 4, 1, 6, 1, 26, 10, 8]
[5, 9]
[5, 9]
[7, 4, 1, 6, 1, 6, 199]
[5, 9]
[7, 4, 1, 13, 1, 13, 1, 13, 1, 13, 1, 13, 1, 13, 1, 6, 1, 6, 1, 6, 1, 26, 10, 8]
[7, 4, 1, 13, 1, 13, 1, 13, 1, 6, 1, 6, 1, 6, 1, 26, 10, 8]
[7, 4, 1, 13, 1, 13, 1, 6, 1, 6, 1, 26, 10, 8]
[7, 4, 1, 6, 1, 26, 10, 8]
[7, 4, 1, 13, 1, 6, 1, 6, 1, 6, 199]
[7, 4, 1, 13, 1, 13, 1, 13, 1, 13, 1, 13, 1, 13, 1, 6, 1, 6, 1, 6, 1, 26, 10, 8]
[7, 4, 1, 13, 1, 6, 1, 6, 1, 26, 10, 8]
[7, 4, 1, 13, 1, 6, 1, 6, 1, 6]
[7, 4, 1, 13, 1, 6, 1, 6, 1, 26, 10, 8]
[5, 49, 4]
[7, 4, 1, 6, 1, 26, 10, 8]
[5, 9]
[7, 4, 1, 13, 1, 6, 1, 6, 1, 26, 10, 8]
[6, 8, 1, 6, 199]
[7, 4, 1, 13, 1, 13, 1, 6, 1, 6, 1, 6, 1, 26, 10, 8]
[7, 4, 1, 13, 1, 6, 1, 6, 1, 6, 199]
[7, 4, 1, 6, 1, 6, 1, 26, 10, 8]
[5, 9]
[5, 9]
[7, 4, 1, 13, 1, 13, 1, 6, 1, 6, 1, 6, 1, 26, 10, 8]
[7, 4, 1, 13, 1, 13, 1, 13, 1, 6, 1, 6, 1, 6]
[5, 9]
[7, 4, 1, 13, 1, 13, 1, 13, 1, 6, 1, 6, 1, 26, 10, 8]
[7, 4, 1, 13, 1, 6, 1, 6, 1, 26, 10, 8]
[7, 4, 1, 13, 1, 13, 1, 6, 1, 6, 1, 6, 1, 26, 10, 8]
[5, 49, 4]
[7, 4, 1, 6, 1, 26, 10, 8]
[7, 4, 1, 13, 1, 13, 1, 13, 1, 13, 1, 13, 1, 6, 1, 6, 1, 6, 1, 26, 10, 8]
[5, 9]
[7, 4, 1, 13, 1, 13, 1, 13, 1, 6, 1, 6, 1, 6, 199]
[7, 4, 1, 6, 1, 26, 10, 8]
[7, 4, 1, 6, 1, 26, 10, 8]
[7, 4, 1, 13, 1, 13, 1, 13, 1, 13, 1, 13, 1, 13, 1, 6, 1, 6, 1, 6]
[7, 4, 1, 13, 1, 13, 1, 13, 1, 6, 1, 6, 1, 6, 1, 26, 10, 8]
[7, 4, 1, 13, 1, 13, 1, 13, 1, 13, 1, 6, 1, 6, 1, 6, 1, 26, 10, 8]
[7, 4, 1, 13, 1, 13, 1, 6, 1, 6, 1, 6, 1, 26, 10, 8]
[7, 4, 1, 13, 1, 13, 1, 13, 1, 13, 1, 6, 1, 6, 1, 6, 1, 26, 10, 8]
[5, 9]
[7, 4, 1, 13, 1, 13, 1, 6, 1, 6, 1, 6]
[7, 4, 1, 13, 1, 13, 1, 13, 1, 13, 1, 13, 1, 13, 1, 6, 1, 6, 1, 26, 10, 8]
[7, 4, 1, 13, 1, 13, 1, 13, 1, 6, 1, 6, 1, 6, 1, 26, 10, 8]
[7, 4, 1, 13, 1, 13, 1, 13, 1, 6, 1, 6, 1, 6, 199]
[7, 4, 1, 6, 1, 6, 1, 26, 10, 8]
[6, 8, 1, 6, 199]
[7, 4, 1, 6, 1, 26, 10, 8]
[7, 4, 1, 6, 1, 26, 10, 8]
[7, 4, 1, 13, 1, 13, 1, 13, 1, 13, 1, 13, 1, 13, 1, 13, 1, 6, 1, 6, 1, 6, 199]
[7, 4, 1, 13, 1, 13, 1, 13, 1, 13, 1, 13, 1, 13, 1, 6, 1, 6, 1, 6]
[7, 4, 1, 13, 1, 13, 1, 6, 1, 6, 1, 26, 10, 8]
[7, 4, 1, 13, 1, 6, 1, 6, 1, 6, 1, 26, 10, 8]
[7, 4, 1, 13, 1, 13, 1, 13, 1, 13, 1, 6, 1, 6, 1, 6, 1, 26, 10, 8]
[7, 4, 1, 13, 1, 6, 1, 6, 1, 6, 1, 26, 10, 8]
[7, 4, 1, 13, 1, 13, 1, 6, 1, 6, 1, 6]
[7, 4, 1, 13, 1, 6, 1, 26, 10, 8]
[7, 4, 1, 13, 1, 13, 1, 13, 1, 6, 1, 6, 1, 6, 1, 26, 10, 8]
[5, 9]
[7, 4, 1, 13, 1, 13, 1, 13, 1, 6, 1, 6, 1, 6, 1, 26, 10, 8]
[7, 4, 1, 13, 1, 13, 1, 6, 1, 6, 1, 26, 10, 8]
[7, 4, 1, 6, 1, 26, 10, 8]
[5, 9]
[7, 4, 1, 6, 1, 26, 10, 8]
[7, 4, 1, 13, 1, 13, 1, 6, 1, 6, 1, 26, 10, 8]
[7, 4, 1, 13, 1, 13, 1, 13, 1, 13, 1, 6, 1, 6, 1, 6]
[7, 4, 1, 13, 1, 6, 1, 6, 1, 26, 10, 8]
[5, 9]
[7, 4, 1, 6, 1, 26, 10, 8]
[7, 4, 1, 6, 1, 6, 1, 26, 10, 8]
[7, 4, 1, 13, 1, 6, 1, 6, 1, 26, 10, 8]
[7, 4, 1, 6, 1, 26, 10, 8]
[5, 49, 4]
[7, 4, 1, 6, 1, 26, 10, 8]
[7, 4, 1, 13, 1, 6, 1, 6, 1, 26, 10, 8]
[5, 9]
[7, 4, 1, 6, 1, 26, 10, 8]
[5, 9]
[7, 4, 1, 13, 1, 6, 1, 6, 1, 26, 10, 8]
[7, 4, 1, 13, 1, 13, 1, 6, 1, 6, 1, 6]
[7, 4, 1, 13, 1, 6, 1, 6, 1, 26, 10, 8]
[7, 4, 1, 6, 1, 26, 10, 8]
[5, 9]
[7, 4, 1, 13, 1, 13, 1, 6, 1, 6, 1, 6, 1, 26, 10, 8]
[7, 4, 1, 13, 1, 13, 1, 13, 1, 6, 1, 6, 1, 6]
[5, 9]
[7, 4, 1, 13, 1, 13, 1, 13, 1, 13, 1, 13, 1, 13, 1, 13, 1, 6, 1, 6, 1, 6, 199]
[5, 9]
[7, 4, 1, 13, 1, 13, 1, 6, 1, 6, 1, 6]
[5, 49, 4]
[7, 4, 1, 6, 1, 26, 10, 8]
[5, 9]
[7, 4, 1, 13, 1, 13, 1, 6, 1, 6, 1, 6, 199]
[7, 4, 1, 13, 1, 6, 1, 6, 1, 26, 10, 8]
[7, 4, 1, 13, 1, 13, 1, 13, 1, 6, 1, 6, 1, 6, 1, 26, 10, 8]
[7, 4, 1, 13, 1, 6, 1, 6, 1, 26, 10, 8]
[7, 4, 1, 13, 1, 13, 1, 6, 1, 6, 1, 26, 10, 8]
[7, 4, 1, 6, 1, 6, 1, 26, 10, 8]
[6, 8]
[7, 4, 1, 13, 1, 6, 1, 6, 1, 6]
[5, 49, 4]
[7, 4, 1, 6, 1, 26, 10, 8]
[5, 9]
[7, 4, 1, 13, 1, 13, 1, 13, 1, 6, 1, 6, 1, 6]
[7, 4, 1, 13, 1, 13, 1, 13, 1, 6, 1, 6, 1, 26, 10, 8]
[5, 9]
[7, 4, 1, 13, 1, 13, 1, 6, 1, 6, 1, 6, 1, 26, 10, 8]
[6, 8, 1, 6, 1, 26, 10, 8]
[5, 9]
[5, 9]
[7, 4, 1, 6, 1, 6, 1, 26, 10, 8]
[5, 9]
[5, 9]
[7, 4, 1, 6, 1, 26, 10, 8]
[5, 9]
[5, 49, 4]
[7, 4, 1, 6, 1, 6, 1, 26, 10, 8]
[7, 4, 1, 6, 1, 26, 10, 8]
[7, 4, 1, 13, 1, 6, 1, 6, 1, 6, 1, 26, 10, 8]
[5, 9]
[7, 4, 1, 6, 1, 6, 1, 26, 10, 8]
[7, 4, 1, 6, 1, 6, 1, 26, 10, 8]
[7, 4, 1, 13, 1, 13, 1, 13, 1, 13, 1, 13, 1, 6, 1, 6, 1, 6, 1, 26, 10, 8]
[7, 4, 1, 13, 1, 6, 1, 6, 1, 26, 10, 8]
[5, 9]
[7, 4, 1, 13, 1, 13, 1, 13, 1, 6, 1, 6, 1, 6, 1, 26, 10, 8]
[7, 4, 1, 13, 1, 13, 1, 6, 1, 6, 1, 6]
[5, 9]
[5, 9]
[5, 9]
[5, 9]
[7, 4, 1, 13, 1, 13, 1, 13, 1, 6, 1, 6, 1, 26, 10, 8]
[5, 9]
[7, 4, 1, 6, 1, 26, 10, 8]
[7, 4, 1, 13, 1, 13, 1, 6, 1, 6, 1, 6, 1, 26, 10, 8]
[7, 4, 1, 13, 1, 6, 1, 6, 1, 26, 10, 8]
[5, 9]
[7, 4, 1, 6, 1, 26, 10, 8]
[5, 9]
[5, 9]
[7, 4, 1, 6, 1, 26, 10, 8]
[7, 4, 1, 13, 1, 13, 1, 13, 1, 6, 1, 6, 1, 26, 10, 8]
[7, 4, 1, 6, 1, 26, 10, 8]
[5, 9]
[6, 8, 1, 6, 199]
[7, 4, 1, 6, 1, 26, 10, 8]
[5, 9]
[7, 4, 1, 13, 1, 13, 1, 6, 1, 6, 1, 6, 1, 26, 10, 8]
[7, 4, 1, 13, 1, 13, 1, 6, 1, 6, 1, 6]
[5, 9]
[7, 4, 1, 13, 1, 6, 1, 6, 1, 6]
[7, 4, 1, 13, 1, 13, 1, 6, 1, 6, 1, 26, 10, 8]
[5, 9]
[5, 9]
[7, 4, 1, 6, 1, 26, 10, 8]
[5, 9]
[7, 4, 1, 6, 1, 26, 10, 8]
[7, 4, 1, 13, 1, 13, 1, 13, 1, 6, 1, 6, 1, 6, 1, 26, 10, 8]
[5, 9]
[7, 4, 1, 13, 1, 13, 1, 13, 1, 6, 1, 6, 1, 6, 199]
[5, 9]
[5, 9]
[5, 9]
[6, 1, 6, 199]
[7, 4, 1, 13, 1, 6, 1, 6, 1, 6]
[7, 4, 1, 13, 1, 13, 1, 13, 1, 13, 1, 13, 1, 6, 1, 6, 1, 26, 10, 8]
[7, 4, 1, 6, 1, 6, 1, 26, 10, 8]
[7, 4, 1, 6, 1, 6, 1, 26, 10, 8]
[7, 4, 1, 13, 1, 13, 1, 6, 1, 6, 1, 6]
[7, 4, 1, 13, 1, 13, 1, 13, 1, 13, 1, 6, 1, 6, 1, 6]
[7, 4, 1, 13, 1, 6, 1, 6, 1, 26, 10, 8]
[7, 4, 1, 13, 1, 6, 1, 6, 1, 26, 10, 8]
[5, 9]
[7, 4, 1, 6, 1, 26, 10, 8]
[5, 9]
[5, 9]
[7, 4, 1, 6, 1, 26, 10, 8]
[5, 49, 4]
[7, 4, 1, 13, 1, 13, 1, 6, 1, 6, 1, 6]
[7, 4, 1, 6, 1, 26, 10, 8]
[7, 4, 1, 6, 1, 26, 10, 8]
[7, 4, 1, 6, 1, 26, 10, 8]
[7, 4, 1, 13, 1, 13, 1, 13, 1, 6, 1, 6, 1, 6, 1, 26, 10, 8]
[7, 4, 1, 13, 1, 6, 1, 6, 1, 26, 10, 8]
[7, 4, 1, 13, 1, 13, 1, 6, 1, 6, 1, 6, 1, 26, 10, 8]
[5, 49, 4]
[7, 4, 1, 13, 1, 6, 1, 6, 1, 26, 10, 8]
[7, 4, 1, 13, 1, 13, 1, 6, 1, 6, 1, 6, 199]
[7, 4, 1, 13, 1, 6, 1, 6, 1, 6, 1, 26, 10, 8]
[7, 4, 1, 6, 1, 26, 10, 8]
[5, 9]
[7, 4, 1, 13, 1, 13, 1, 6, 1, 6, 1, 26, 10, 8]
[5, 49, 4]
[7, 4, 1, 13, 1, 6, 1, 6, 1, 26, 10, 8]
[7, 4, 1, 13, 1, 6, 1, 26, 10, 8]
[5, 9]
[6, 8]
[5, 9]
[7, 4, 1, 6, 1, 26, 10, 8]
[5, 9]
[7, 4, 1, 13, 1, 6, 1, 6, 1, 6, 1, 26, 10, 8]
[6, 8, 1, 6, 199]
[5, 9]
[5, 9]
[7, 4, 1, 13, 1, 13, 1, 13, 1, 6, 1, 6, 1, 6, 199]
[7, 4, 1, 13, 1, 6, 1, 6, 1, 6, 199]
[7, 4, 1, 13, 1, 13, 1, 6, 1, 6, 1, 6, 1, 26, 10, 8]
[7, 4, 1, 6, 1, 6, 1, 26, 10, 8]
[7, 4, 1, 13, 1, 6, 1, 6, 1, 6]
[6, 8]
[7, 4, 1, 13, 1, 6, 1, 6]
[5, 9]
[7, 4, 1, 13, 1, 13, 1, 6, 1, 6, 1, 6]
[7, 4, 1, 13, 1, 13, 1, 6, 1, 6, 1, 6]
[7, 4, 1, 13, 1, 13, 1, 6, 1, 6, 1, 6, 1, 26, 10, 8]
[7, 4, 1, 6, 1, 6]
[7, 4, 1, 6, 1, 26, 10, 8]
[7, 4, 1, 13, 1, 6, 1, 6, 1, 26, 10, 8]
[7, 4, 1, 6, 1, 6, 1, 26, 10, 8]
[7, 4, 1, 13, 1, 6, 1, 6, 1, 6]
[7, 4, 1, 13, 1, 13, 1, 6, 1, 6, 1, 6, 1, 26, 10, 8]
[5, 49, 4]
[7, 4, 1, 13, 1, 6, 1, 6, 1, 26, 10, 8]
[7, 4, 1, 13, 1, 13, 1, 13, 1, 13, 1, 6, 1, 6, 1, 6, 1, 26, 10, 8]
[5, 9]
[5, 9]
[7, 4, 1, 6, 1, 6, 1, 26, 10, 8]
[7, 4, 1, 13, 1, 6, 1, 6, 1, 6, 1, 26, 10, 8]
[7, 4, 1, 13, 1, 13, 1, 6, 1, 6, 1, 6]
[5, 9]
[7, 4, 1, 13, 1, 13, 1, 13, 1, 13, 1, 6, 1, 6, 1, 6, 1, 26, 10, 8]
[7, 4, 1, 6, 1, 26, 10, 8]
[7, 4, 1, 13, 1, 13, 1, 13, 1, 6, 1, 6, 1, 6, 199]
[7, 4, 1, 6, 1, 26, 10, 8]
[7, 4, 1, 6, 1, 26, 10, 8]
[7, 4, 1, 13, 1, 6, 1, 6, 1, 26, 10, 8]
[7, 4, 1, 6, 1, 6, 1, 26, 10, 8]
[7, 4, 1, 6, 1, 6, 1, 26, 10, 8]
[5, 9]
[7, 4, 1, 13, 1, 6, 1, 6, 1, 26, 10, 8]
[7, 4, 1, 13, 1, 13, 1, 6, 1, 6, 1, 26, 10, 8]
[5, 9]
[7, 4, 1, 13, 1, 13, 1, 6, 1, 6, 1, 6]
[7, 4, 1, 6, 1, 6]
[7, 4, 1, 13, 1, 13, 1, 13, 1, 6, 1, 6, 1, 6]
[7, 4, 1, 6, 1, 26, 10, 8]
[7, 4, 1, 13, 1, 13, 1, 6, 1, 6, 1, 26, 10, 8]
[7, 4, 1, 13, 1, 6, 1, 6, 1, 6, 1, 26, 10, 8]
[7, 4, 1, 13, 1, 13, 1, 13, 1, 13, 1, 13, 1, 6, 1, 6, 1, 6, 1, 26, 10, 8]
[7, 4, 1, 13, 1, 13, 1, 13, 1, 13, 1, 13, 1, 6, 1, 6, 1, 6]
[7, 4, 1, 13, 1, 13, 1, 13, 1, 13, 1, 6, 1, 6, 1, 6, 1, 26, 10, 8]
[7, 4, 1, 13, 1, 13, 1, 6, 1, 6, 1, 6, 1, 26, 10, 8]
[7, 4, 1, 13, 1, 13, 1, 13, 1, 13, 1, 6, 1, 6, 1, 6]
[7, 4, 1, 6, 1, 26, 10, 8]
[5, 9]
[7, 4, 1, 6, 1, 26, 10, 8]
[5, 9]
[5, 9]
[7, 4, 1, 13, 1, 13, 1, 13, 1, 13, 1, 13, 1, 6, 1, 6, 1, 6, 1, 26, 10, 8]
[5, 9]
[7, 4, 1, 6, 1, 26, 10, 8]
[7, 4, 1, 13, 1, 6, 1, 6, 1, 26, 10, 8]
[7, 4, 1, 13, 1, 6, 1, 6, 1, 26, 10, 8]
[5, 9]
[7, 4, 1, 13, 1, 13, 1, 13, 1, 6, 1, 6, 1, 26, 10, 8]
[7, 4, 1, 6, 1, 26, 10, 8]
[7, 4, 1, 13, 1, 13, 1, 6, 1, 6, 1, 6, 1, 26, 10, 8]
[7, 4, 1, 13, 1, 6, 1, 6, 1, 26, 10, 8]
[7, 4, 1, 13, 1, 13, 1, 6, 1, 6, 1, 26, 10, 8]
[7, 4, 1, 13, 1, 13, 1, 13, 1, 13, 1, 13, 1, 13, 1, 13, 1, 13, 1, 13, 1, 13, 1, 13, 1, 13, 1, 13, 1, 13, 1, 13, 1, 13, 1, 13, 1, 13, 1, 13, 1, 13, 1, 13, 1, 13, 1, 6, 1, 6]
[5, 9]
[5, 9]
[7, 4, 1, 13, 1, 6, 1, 6, 1, 26, 10, 8]
[5, 9]
[7, 4, 1, 6, 1, 26, 10, 8]
[5, 9]
[5, 9]
[6, 8, 1, 6, 199]
[7, 4, 1, 13, 1, 13, 1, 6, 1, 6, 1, 6, 1, 26, 10, 8]
[7, 4, 1, 13, 1, 6, 1, 6, 1, 26, 10, 8]
[5, 49, 4]
[7, 4, 1, 13, 1, 6, 1, 6, 1, 6, 1, 26, 10, 8]
[7, 4, 1, 13, 1, 13, 1, 13, 1, 6, 1, 6, 1, 6, 199]
[7, 4, 1, 13, 1, 13, 1, 6, 1, 6, 1, 6]
[7, 4, 1, 6, 1, 6, 1, 26, 10, 8]
[7, 4, 1, 6, 1, 26, 10, 8]
[7, 4, 1, 13, 1, 13, 1, 6, 1, 6, 1, 26, 10, 8]
[7, 4, 1, 6, 1, 26, 10, 8]
[5, 9]
[7, 4, 1, 13, 1, 13, 1, 6, 1, 6, 1, 26, 10, 8]
[7, 4, 1, 13, 1, 13, 1, 13, 1, 13, 1, 13, 1, 6, 1, 6, 1, 6]
[5, 9]
[7, 4, 1, 6, 1, 26, 10, 8]
[7, 4, 1, 13, 1, 13, 1, 6, 1, 6, 1, 6, 199]
[7, 4, 1, 13, 1, 13, 1, 13, 1, 13, 1, 13, 1, 13, 1, 13, 1, 6, 1, 6, 1, 6, 199]
[7, 4, 1, 13, 1, 6, 1, 6, 1, 26, 10, 8]
[5, 9]
[7, 4, 1, 13, 1, 6, 1, 6, 1, 6, 1, 26, 10, 8]
[7, 4, 1, 6, 1, 26, 10, 8]
[7, 4, 1, 13, 1, 13, 1, 13, 1, 13, 1, 13, 1, 6, 1, 6, 1, 6, 1, 26, 10, 8]
[5, 9]
[5, 9]
[5, 9]
[5, 9]
[7, 4, 1, 13, 1, 13, 1, 6, 1, 6, 1, 6, 1, 26, 10, 8]
[5, 49, 4]
[6, 1, 6, 199]
[7, 4, 1, 13, 1, 6, 1, 6, 1, 26, 10, 8]
[7, 4, 1, 13, 1, 6, 1, 6, 1, 6, 199]
[7, 4, 1, 13, 1, 6, 1, 6, 1, 26, 10, 8]
[5, 49, 4]
[7, 4, 1, 13, 1, 13, 1, 13, 1, 13, 1, 6, 1, 6, 1, 6]
[5, 9]
[7, 4, 1, 13, 1, 6, 1, 6, 1, 26, 10, 8]
[7, 4, 1, 13, 1, 13, 1, 13, 1, 6, 1, 6, 1, 6, 1, 26, 10, 8]
[5, 9]
[7, 4, 1, 6, 1, 6, 1, 26, 10, 8]
[7, 4, 1, 13, 1, 6, 1, 6, 1, 26, 10, 8]
[7, 4, 1, 6, 1, 6, 1, 26, 10, 8]
[7, 4, 1, 6, 1, 26, 10, 8]
[7, 4, 1, 6, 1, 26, 10, 8]
[7, 4, 1, 13, 1, 13, 1, 13, 1, 13, 1, 13, 1, 13, 1, 13, 1, 13, 1, 6, 1, 6, 1, 6]
[5, 9]
[7, 4, 1, 6, 1, 6, 199]
[5, 49, 4]
[7, 4, 1, 13, 1, 13, 1, 13, 1, 13, 1, 13, 1, 6, 1, 6, 1, 6, 1, 26, 10, 8]
[7, 4, 1, 6, 1, 6, 1, 26, 10, 8]
[7, 4, 1, 13, 1, 6, 1, 6, 1, 6, 1, 26, 10, 8]
[5, 9]
[5, 9]
[7, 4, 1, 13, 1, 13, 1, 6, 1, 6, 1, 26, 10, 8]
[7, 4, 1, 13, 1, 13, 1, 6, 1, 6, 1, 6, 1, 26, 10, 8]
[5, 9]
[5, 9]
[5, 9]
[7, 4, 1, 6, 1, 26, 10, 8]
[5, 9]
[7, 4, 1, 13, 1, 13, 1, 6, 1, 6, 1, 6, 1, 26, 10, 8]
[7, 4, 1, 6, 1, 26, 10, 8]
[5, 9]
[5, 9]
[5, 49, 4]
[7, 4, 1, 13, 1, 13, 1, 6, 1, 6, 1, 26, 10, 8]
[5, 9]
[7, 4, 1, 6, 1, 6, 199]
[7, 4, 1, 13, 1, 13, 1, 13, 1, 13, 1, 13, 1, 6, 1, 6, 1, 6, 1, 26, 10, 8]
[7, 4, 1, 13, 1, 13, 1, 13, 1, 6, 1, 6, 1, 6, 1, 26, 10, 8]
[7, 4, 1, 13, 1, 6, 1, 6, 1, 6, 1, 26, 10, 8]
[5, 9]
[7, 4, 1, 13, 1, 13, 1, 6, 1, 6, 1, 6, 199]
[7, 4, 1, 13, 1, 13, 1, 13, 1, 13, 1, 13, 1, 6, 1, 6, 1, 6, 1, 26, 10, 8]
[7, 4, 1, 6, 1, 26, 10, 8]
[5, 9]
[7, 4, 1, 13, 1, 13, 1, 6, 1, 6, 1, 6, 1, 26, 10, 8]
[7, 4, 1, 13, 1, 13, 1, 13, 1, 6, 1, 6, 1, 26, 10, 8]
[7, 4, 1, 13, 1, 13, 1, 6, 1, 6, 1, 6, 199]
[5, 9]
[7, 4, 1, 13, 1, 13, 1, 13, 1, 6, 1, 6, 1, 6]
[5, 9]
[7, 4, 1, 13, 1, 13, 1, 6, 1, 6, 1, 6, 199]
[7, 4, 1, 13, 1, 13, 1, 6, 1, 6, 1, 6, 1, 26, 10, 8]
[7, 4, 1, 13, 1, 13, 1, 13, 1, 6, 1, 6, 1, 6, 1, 26, 10, 8]
[7, 4, 1, 6, 1, 6, 1, 26, 10, 8]
[7, 4, 1, 13, 1, 6, 1, 6, 1, 6, 1, 26, 10, 8]
[19, 5, 1, 6, 1, 26, 10, 8]
[7, 4, 1, 13, 1, 13, 1, 13, 1, 13, 1, 13, 1, 6, 1, 6, 1, 6]
[5, 9]
[7, 4, 1, 13, 1, 13, 1, 6, 1, 6, 1, 6, 1, 26, 10, 8]
[7, 4, 1, 13, 1, 13, 1, 6, 1, 6, 1, 26, 10, 8]
[7, 4, 1, 6, 1, 26, 10, 8]
[7, 4, 1, 13, 1, 13, 1, 13, 1, 6, 1, 6, 1, 6, 199]
[7, 4, 1, 13, 1, 13, 1, 6, 1, 6, 1, 6, 1, 26, 10, 8]
[7, 4, 1, 13, 1, 13, 1, 13, 1, 13, 1, 6, 1, 6, 1, 6, 1, 26, 10, 8]
[7, 4, 1, 13, 1, 13, 1, 13, 1, 13, 1, 13, 1, 6, 1, 6, 1, 6, 1, 26, 10, 8]
[5, 9]
[5, 9]
[7, 4, 1, 13, 1, 13, 1, 13, 1, 13, 1, 6, 1, 6, 1, 26, 10, 8]
[7, 4, 1, 13, 1, 6, 1, 6, 1, 26, 10, 8]
[7, 4, 1, 13, 1, 13, 1, 13, 1, 13, 1, 6, 1, 6, 1, 6, 1, 26, 10, 8]
[7, 4, 1, 13, 1, 13, 1, 13, 1, 6, 1, 6, 1, 26, 10, 8]
[7, 4, 1, 13, 1, 13, 1, 13, 1, 13, 1, 13, 1, 13, 1, 13, 1, 13, 1, 13, 1, 13, 1, 6, 1, 6, 1, 6]
[5, 9]
[5, 49, 4]
[7, 4, 1, 13, 1, 6, 1, 6, 1, 26, 10, 8]
[5, 49, 4]
[5, 9]
[5, 9]
[5, 49, 4]
[7, 4, 1, 6, 1, 26, 10, 8]
[5, 9]
[7, 4, 1, 13, 1, 13, 1, 13, 1, 13, 1, 13, 1, 6, 1, 6, 1, 6, 1, 26, 10, 8]
[7, 4, 1, 13, 1, 13, 1, 6, 1, 6, 1, 6, 1, 26, 10, 8]
[5, 49, 4]
[7, 4, 1, 13, 1, 6, 1, 6, 1, 26, 10, 8]
[7, 4, 1, 13, 1, 13, 1, 6, 1, 6, 1, 6, 1, 26, 10, 8]
[5, 9]
[7, 4, 1, 6, 1, 26, 10, 8]
[5, 9]
[7, 4, 1, 13, 1, 13, 1, 13, 1, 13, 1, 6, 1, 6, 1, 6, 199]
[7, 4, 1, 6, 1, 26, 10, 8]
[7, 4, 1, 13, 1, 13, 1, 13, 1, 13, 1, 13, 1, 6, 1, 6, 1, 6, 1, 26, 10, 8]
[7, 4, 1, 6, 1, 26, 10, 8]
[7, 4, 1, 13, 1, 13, 1, 13, 1, 6, 1, 6, 1, 6, 1, 26, 10, 8]
[6, 8, 1, 6, 199]
[7, 4, 1, 13, 1, 6, 1, 6, 199]
[5, 9]
[5, 9]
[7, 4, 1, 6, 1, 26, 10, 8]
[7, 4, 1, 13, 1, 13, 1, 6, 1, 6, 1, 6, 1, 26, 10, 8]
[7, 4, 1, 13, 1, 13, 1, 13, 1, 13, 1, 13, 1, 6, 1, 6, 1, 6, 1, 26, 10, 8]
[7, 4, 1, 13, 1, 13, 1, 6, 1, 6, 1, 26, 10, 8]
[5, 9]
[7, 4, 1, 13, 1, 6, 1, 6, 1, 6, 1, 26, 10, 8]
[5, 9]
[5, 9]
[5, 9]
[5, 9]
[7, 4, 1, 6, 1, 6, 1, 26, 10, 8]
[7, 4, 1, 13, 1, 13, 1, 13, 1, 13, 1, 13, 1, 13, 1, 13, 1, 6, 1, 6, 1, 6]
[7, 4, 1, 13, 1, 13, 1, 13, 1, 13, 1, 6, 1, 6, 1, 26, 10, 8]
[7, 4, 1, 13, 1, 13, 1, 6, 1, 6, 1, 26, 10, 8]
[7, 4, 1, 13, 1, 13, 1, 13, 1, 6, 1, 6, 1, 6, 1, 26, 10, 8]
[5, 9]
[5, 9]
[7, 4, 1, 13, 1, 13, 1, 13, 1, 6, 1, 6, 1, 26, 10, 8]
[5, 9]
[7, 4, 1, 13, 1, 6, 1, 6, 1, 26, 10, 8]
[7, 4, 1, 13, 1, 6, 1, 6, 1, 26, 10, 8]
[5, 49, 4]
[5, 9]
[5, 9]
[7, 4, 1, 13, 1, 6, 1, 6, 1, 26, 10, 8]
[7, 4, 1, 13, 1, 6, 1, 6, 1, 26, 10, 8]
[6, 8, 1, 6, 199]
[7, 4, 1, 13, 1, 13, 1, 6, 1, 6, 1, 26, 10, 8]
[7, 4, 1, 13, 1, 13, 1, 13, 1, 6, 1, 6, 1, 6, 1, 26, 10, 8]
[7, 4, 1, 13, 1, 6, 1, 6, 1, 26, 10, 8]
[5, 9]
[7, 4, 1, 13, 1, 13, 1, 13, 1, 13, 1, 13, 1, 13, 1, 13, 1, 13, 1, 6, 1, 6, 1, 26, 10, 8]
[5, 9]
[7, 4, 1, 13, 1, 13, 1, 13, 1, 13, 1, 13, 1, 13, 1, 6, 1, 6, 1, 6]
[5, 49, 4]
[5, 9]
[7, 4, 1, 13, 1, 13, 1, 13, 1, 13, 1, 13, 1, 6, 1, 6, 1, 6, 1, 26, 10, 8]
[7, 4, 1, 13, 1, 13, 1, 13, 1, 6, 1, 6, 1, 26, 10, 8]
[7, 4, 1, 13, 1, 13, 1, 6, 1, 6, 1, 6, 1, 26, 10, 8]
[5, 9]
[7, 4, 1, 6, 1, 26, 10, 8]
[7, 4, 1, 13, 1, 13, 1, 6, 1, 6, 1, 6]
[5, 9]
[7, 4, 1, 13, 1, 13, 1, 6, 1, 6, 1, 6, 1, 26, 10, 8]
[5, 49, 4]
[7, 4, 1, 13, 1, 13, 1, 6, 1, 6, 1, 26, 10, 8]
[7, 4, 1, 6, 1, 6, 1, 26, 10, 8]
[7, 4, 1, 13, 1, 6, 1, 6, 1, 26, 10, 8]
[6, 8, 1, 6, 199]
[5, 49, 4]
[7, 4, 1, 13, 1, 13, 1, 6, 1, 6, 1, 26, 10, 8]
[5, 9]
[7, 4, 1, 6, 1, 6, 1, 26, 10, 8]
[7, 4, 1, 6, 1, 26, 10, 8]
[5, 9]
[5, 9]
[7, 4, 1, 13, 1, 6, 1, 6, 1, 26, 10, 8]
[7, 4, 1, 13, 1, 6, 1, 6, 1, 26, 10, 8]
[7, 4, 1, 13, 1, 13, 1, 13, 1, 6, 1, 6, 1, 6, 1, 26, 10, 8]
[7, 4, 1, 13, 1, 6, 1, 6, 1, 6, 1, 26, 10, 8]
[7, 4, 1, 13, 1, 13, 1, 6, 1, 6, 1, 6]
[7, 4, 1, 6, 1, 6, 1, 26, 10, 8]
[5, 9]
[7, 4, 1, 13, 1, 6, 1, 26, 10, 8]
[5, 9]
[7, 4, 1, 13, 1, 13, 1, 13, 1, 6, 1, 6, 1, 6, 1, 26, 10, 8]
[7, 4, 1, 6, 1, 26, 10, 8]
[7, 4, 1, 13, 1, 6, 1, 26, 10, 8]
[7, 4, 1, 13, 1, 13, 1, 13, 1, 6, 1, 6, 1, 6, 199]
[5, 9]
[7, 4, 1, 6, 1, 26, 10, 8]
[7, 4, 1, 6, 1, 6, 1, 26, 10, 8]
[7, 4, 1, 13, 1, 6, 1, 6, 1, 26, 10, 8]
[7, 4, 1, 13, 1, 13, 1, 13, 1, 6, 1, 6, 1, 6, 199]
[7, 4, 1, 13, 1, 6, 1, 6, 1, 6, 199]
[5, 49, 4]
[7, 4, 1, 6, 1, 26, 10, 8]
[5, 49, 4]
[7, 4, 1, 6, 1, 6, 1, 26, 10, 8]
[5, 9]
[7, 4, 1, 13, 1, 13, 1, 13, 1, 6, 1, 6, 1, 6, 1, 26, 10, 8]
[7, 4, 1, 13, 1, 13, 1, 13, 1, 6, 1, 6, 1, 6, 1, 26, 10, 8]
[5, 9]
[7, 4, 1, 13, 1, 6, 1, 26, 10, 8]
[7, 4, 1, 6, 1, 26, 10, 8]
[7, 4, 1, 6, 1, 6, 1, 26, 10, 8]
[7, 4, 1, 13, 1, 13, 1, 13, 1, 13, 1, 6, 1, 6, 1, 6, 1, 26, 10, 8]
[7, 4, 1, 13, 1, 13, 1, 13, 1, 6, 1, 6, 1, 6, 1, 26, 10, 8]
[5, 49, 4]
[5, 9]
[7, 4, 1, 6, 1, 26, 10, 8]
[7, 4, 1, 13, 1, 13, 1, 6, 1, 6, 1, 6, 1, 26, 10, 8]
[7, 4, 1, 13, 1, 6, 1, 6, 1, 6, 1, 26, 10, 8]
[7, 4, 1, 6, 1, 26, 10, 8]
[7, 4, 1, 6, 1, 26, 10, 8]
[6, 8, 1, 6, 199]
[7, 4, 1, 13, 1, 13, 1, 13, 1, 13, 1, 13, 1, 13, 1, 13, 1, 6, 1, 6, 1, 6]
[7, 4, 1, 13, 1, 6, 1, 6, 1, 26, 10, 8]
[7, 4, 1, 13, 1, 13, 1, 13, 1, 6, 1, 6, 1, 26, 10, 8]
[7, 4, 1, 6, 1, 6, 1, 26, 10, 8]
[5, 9]
[7, 4, 1, 6, 1, 26, 10, 8]
[7, 4, 1, 13, 1, 13, 1, 6, 1, 6, 1, 6, 1, 26, 10, 8]
[7, 4, 1, 13, 1, 13, 1, 13, 1, 13, 1, 6, 1, 6, 1, 26, 10, 8]
[5, 9]
[7, 4, 1, 6, 1, 26, 10, 8]
[7, 4, 1, 6, 1, 26, 10, 8]
[7, 4, 1, 13, 1, 13, 1, 13, 1, 13, 1, 13, 1, 6, 1, 6, 1, 26, 10, 8]
[7, 4, 1, 13, 1, 6, 1, 6, 1, 6, 1, 26, 10, 8]
[5, 9]
[7, 4, 1, 13, 1, 6, 1, 6, 1, 26, 10, 8]
[7, 4, 1, 13, 1, 13, 1, 6, 1, 6, 1, 26, 10, 8]
[7, 4, 1, 13, 1, 13, 1, 6, 1, 6, 1, 6, 1, 26, 10, 8]
[5, 9]
[7, 4, 1, 13, 1, 13, 1, 13, 1, 6, 1, 6, 1, 6, 1, 26, 10, 8]
[7, 4, 1, 13, 1, 13, 1, 13, 1, 13, 1, 6, 1, 6, 1, 6]
[7, 4, 1, 13, 1, 13, 1, 6, 1, 6, 1, 26, 10, 8]
[7, 4, 1, 13, 1, 6, 1, 6]
[7, 4, 1, 13, 1, 13, 1, 13, 1, 13, 1, 13, 1, 13, 1, 6, 1, 6, 1, 6]
[7, 4, 1, 13, 1, 6, 1, 6, 1, 26, 10, 8]
[7, 4, 1, 13, 1, 13, 1, 13, 1, 13, 1, 6, 1, 6, 1, 6, 199]
[6, 8, 1, 6, 1, 26, 10, 8]
[7, 4, 1, 13, 1, 13, 1, 13, 1, 13, 1, 13, 1, 13, 1, 6, 1, 6, 1, 6, 199]
[7, 4, 1, 13, 1, 13, 1, 13, 1, 13, 1, 13, 1, 6, 1, 6, 1, 6]
[7, 4, 1, 13, 1, 6, 1, 6, 1, 26, 10, 8]
[7, 4, 1, 13, 1, 13, 1, 6, 1, 6, 1, 6, 1, 26, 10, 8]
[5, 9]
[7, 4, 1, 13, 1, 6, 1, 6, 1, 26, 10, 8]
[7, 4, 1, 6, 1, 26, 10, 8]
[7, 4, 1, 13, 1, 13, 1, 13, 1, 6, 1, 6, 1, 6]
[7, 4, 1, 13, 1, 6, 1, 6, 1, 26, 10, 8]
[5, 9]
[7, 4, 1, 13, 1, 13, 1, 6, 1, 6, 1, 6]
[7, 4, 1, 6, 1, 6, 1, 26, 10, 8]
[7, 4, 1, 13, 1, 13, 1, 6, 1, 6, 1, 26, 10, 8]
[7, 4, 1, 6, 1, 26, 10, 8]
[7, 4, 1, 6, 1, 26, 10, 8]
[7, 4, 1, 13, 1, 6, 1, 6, 1, 6]
[7, 4, 1, 6, 1, 26, 10, 8]
[7, 4, 1, 13, 1, 13, 1, 6, 1, 6, 1, 6, 1, 26, 10, 8]
[7, 4, 1, 6, 1, 26, 10, 8]
[7, 4, 1, 6, 1, 6, 1, 26, 10, 8]
[7, 4, 1, 13, 1, 13, 1, 13, 1, 6, 1, 6, 1, 6, 1, 26, 10, 8]
[7, 4, 1, 13, 1, 13, 1, 6, 1, 6, 1, 6, 199]
[5, 9]
[5, 9]
[7, 4, 1, 13, 1, 13, 1, 13, 1, 13, 1, 13, 1, 13, 1, 13, 1, 6, 1, 6, 1, 26, 10, 8]
[7, 4, 1, 13, 1, 6, 1, 6, 1, 6, 1, 26, 10, 8]
[6, 1, 6, 199]
[7, 4, 1, 13, 1, 13, 1, 6, 1, 6, 1, 6, 1, 26, 10, 8]
[7, 4, 1, 13, 1, 13, 1, 13, 1, 13, 1, 13, 1, 13, 1, 13, 1, 13, 1, 13, 1, 13, 1, 13, 1, 13, 1, 13, 1, 6, 1, 6, 1, 6]
[7, 4, 1, 6, 1, 26, 10, 8]
[7, 4, 1, 13, 1, 13, 1, 6, 1, 6, 1, 6]
[7, 4, 1, 13, 1, 13, 1, 13, 1, 13, 1, 13, 1, 13, 1, 6, 1, 6, 1, 6, 1, 26, 10, 8]
[7, 4, 1, 13, 1, 13, 1, 6, 1, 6, 1, 26, 10, 8]
[7, 4, 1, 13, 1, 13, 1, 13, 1, 13, 1, 13, 1, 13, 1, 13, 1, 6, 1, 6, 1, 6, 1, 26, 10, 8]
[5, 9]
[7, 4, 1, 13, 1, 6, 1, 6, 1, 6]
[5, 9]
[7, 4, 1, 13, 1, 13, 1, 6, 1, 6, 1, 6, 1, 26, 10, 8]
[7, 4, 1, 6, 1, 6, 1, 26, 10, 8]
[5, 9]
[7, 4, 1, 13, 1, 13, 1, 6, 1, 6, 1, 26, 10, 8]
[7, 4, 1, 13, 1, 6, 1, 6, 1, 6]
[7, 4, 1, 13, 1, 13, 1, 13, 1, 6, 1, 6, 1, 6, 199]
[7, 4, 1, 6, 1, 6, 1, 26, 10, 8]
[7, 4, 1, 13, 1, 6, 1, 6, 1, 26, 10, 8]
[7, 4, 1, 6, 1, 26, 10, 8]
[5, 9]
[5, 9]
[7, 4, 1, 13, 1, 6, 1, 6, 1, 6, 1, 26, 10, 8]
[7, 4, 1, 6, 1, 26, 10, 8]
[5, 9]
[5, 9]
[7, 4, 1, 13, 1, 13, 1, 13, 1, 13, 1, 13, 1, 13, 1, 13, 1, 6, 1, 6, 1, 6]
[5, 9]
[7, 4, 1, 13, 1, 13, 1, 13, 1, 13, 1, 13, 1, 6, 1, 6, 1, 26, 10, 8]
[7, 4, 1, 6, 1, 26, 10, 8]
[7, 4, 1, 13, 1, 6, 1, 6, 1, 26, 10, 8]
[7, 4, 1, 6, 1, 26, 10, 8]
[6, 8, 1, 6, 199]
[7, 4, 1, 13, 1, 6, 1, 6, 199]
[7, 4, 1, 6, 1, 26, 10, 8]
[5, 9]
[7, 4, 1, 13, 1, 13, 1, 13, 1, 6, 1, 6, 1, 6]
[7, 4, 1, 6, 1, 26, 10, 8]
[7, 4, 1, 13, 1, 13, 1, 13, 1, 6, 1, 6, 1, 6, 1, 26, 10, 8]
[5, 9]
[7, 4, 1, 13, 1, 6, 1, 6, 1, 26, 10, 8]
[7, 4, 1, 13, 1, 6, 1, 6]
[7, 4, 1, 13, 1, 6, 1, 6, 1, 6, 199]
[7, 4, 1, 6, 1, 6, 1, 26, 10, 8]
[7, 4, 1, 6, 1, 6, 1, 26, 10, 8]
[5, 9]
[7, 4, 1, 6, 1, 26, 10, 8]
[5, 9]
[5, 9]
[7, 4, 1, 13, 1, 13, 1, 13, 1, 13, 1, 6, 1, 6, 1, 6, 1, 26, 10, 8]
[5, 9]
[7, 4, 1, 13, 1, 6, 1, 6, 1, 26, 10, 8]
[7, 4, 1, 13, 1, 13, 1, 13, 1, 13, 1, 13, 1, 13, 1, 6, 1, 6, 1, 6, 199]
[5, 9]
[7, 4, 1, 13, 1, 6, 1, 26, 10, 8]
[7, 4, 1, 13, 1, 13, 1, 13, 1, 13, 1, 6, 1, 6, 1, 6, 199]
[7, 4, 1, 13, 1, 13, 1, 13, 1, 13, 1, 6, 1, 6, 1, 26, 10, 8]
[7, 4, 1, 6, 1, 26, 10, 8]
[7, 4, 1, 13, 1, 13, 1, 13, 1, 13, 1, 6, 1, 6, 1, 6, 1, 26, 10, 8]
[7, 4, 1, 13, 1, 13, 1, 6, 1, 6, 1, 6, 1, 26, 10, 8]
[6, 8]
[7, 4, 1, 6, 1, 6, 1, 26, 10, 8]
[7, 4, 1, 13, 1, 13, 1, 13, 1, 6, 1, 6, 1, 6, 1, 26, 10, 8]
[7, 4, 1, 13, 1, 6, 1, 6, 1, 6, 1, 26, 10, 8]
[7, 4, 1, 13, 1, 13, 1, 13, 1, 6, 1, 6, 1, 6, 1, 26, 10, 8]
[7, 4, 1, 13, 1, 6, 1, 6, 1, 26, 10, 8]
[5, 9]
[7, 4, 1, 6, 1, 26, 10, 8]
[7, 4, 1, 13, 1, 6, 1, 6, 1, 26, 10, 8]
[5, 49, 4]
[7, 4, 1, 6, 1, 6, 1, 26, 10, 8]
[7, 4, 1, 13, 1, 6, 1, 6, 1, 26, 10, 8]
[5, 9]
[6, 8, 1, 6, 199]
[7, 4, 1, 13, 1, 6, 1, 6, 1, 26, 10, 8]
[7, 4, 1, 13, 1, 6, 1, 6, 1, 6, 1, 26, 10, 8]
[7, 4, 1, 13, 1, 6, 1, 6, 1, 6, 1, 26, 10, 8]
[5, 9]
[7, 4, 1, 13, 1, 6, 1, 6, 1, 26, 10, 8]
[7, 4, 1, 13, 1, 13, 1, 6, 1, 6, 1, 6]
[7, 4, 1, 13, 1, 13, 1, 13, 1, 13, 1, 13, 1, 13, 1, 6, 1, 6, 1, 6, 1, 26, 10, 8]
[7, 4, 1, 6, 1, 26, 10, 8]
[7, 4, 1, 13, 1, 13, 1, 6, 1, 6, 1, 26, 10, 8]
[7, 4, 1, 6, 1, 6, 1, 26, 10, 8]
[5, 9]
[5, 49, 4]
[7, 4, 1, 13, 1, 13, 1, 13, 1, 6, 1, 6, 1, 6, 1, 26, 10, 8]
[5, 9]
[7, 4, 1, 6, 1, 6]
[7, 4, 1, 6, 1, 6, 1, 26, 10, 8]
[7, 4, 1, 13, 1, 13, 1, 6, 1, 6, 1, 6, 1, 26, 10, 8]
[7, 4, 1, 6, 1, 26, 10, 8]
[7, 4, 1, 6, 1, 26, 10, 8]
[7, 4, 1, 13, 1, 13, 1, 13, 1, 13, 1, 13, 1, 13, 1, 13, 1, 6, 1, 6, 1, 6, 199]
[7, 4, 1, 13, 1, 6, 1, 6, 1, 26, 10, 8]
[6, 1, 6, 199]
[7, 4, 1, 13, 1, 13, 1, 6, 1, 6, 1, 6, 1, 26, 10, 8]
[7, 4, 1, 13, 1, 13, 1, 13, 1, 6, 1, 6, 1, 6]
[6, 8, 1, 6, 1, 26, 10, 8]
[7, 4, 1, 6, 1, 26, 10, 8]
[7, 4, 1, 6, 1, 26, 10, 8]
[7, 4, 1, 13, 1, 13, 1, 6, 1, 6, 1, 6, 1, 26, 10, 8]
[7, 4, 1, 13, 1, 6, 1, 6, 1, 26, 10, 8]
[7, 4, 1, 6, 1, 6, 1, 26, 10, 8]
[5, 9]
[5, 49, 4]
[7, 4, 1, 13, 1, 13, 1, 13, 1, 6, 1, 6, 1, 26, 10, 8]
[5, 49, 4]
[7, 4, 1, 13, 1, 13, 1, 13, 1, 13, 1, 6, 1, 6, 1, 26, 10, 8]
[7, 4, 1, 13, 1, 6, 1, 6, 1, 6]
[7, 4, 1, 6, 1, 6, 1, 26, 10, 8]
[5, 9]
[7, 4, 1, 6, 1, 26, 10, 8]
[7, 4, 1, 6, 1, 26, 10, 8]
[7, 4, 1, 13, 1, 6, 1, 6, 1, 26, 10, 8]
[7, 4, 1, 13, 1, 13, 1, 13, 1, 13, 1, 13, 1, 6, 1, 6, 1, 6, 1, 26, 10, 8]
[7, 4, 1, 13, 1, 13, 1, 13, 1, 13, 1, 6, 1, 6, 1, 6, 1, 26, 10, 8]
[7, 4, 1, 6, 1, 26, 10, 8]
[5, 49, 4]
[7, 4, 1, 6, 1, 6, 1, 26, 10, 8]
[5, 9]
[7, 4, 1, 13, 1, 6, 1, 6, 1, 26, 10, 8]
[7, 4, 1, 6, 1, 26, 10, 8]
[7, 4, 1, 13, 1, 13, 1, 13, 1, 6, 1, 6, 1, 26, 10, 8]
[7, 4, 1, 13, 1, 13, 1, 6, 1, 6, 1, 26, 10, 8]
[7, 4, 1, 13, 1, 6, 1, 6, 1, 6]
[5, 9]
[7, 4, 1, 6, 1, 26, 10, 8]
[7, 4, 1, 13, 1, 13, 1, 13, 1, 6, 1, 6, 1, 6, 1, 26, 10, 8]
[5, 9]
[7, 4, 1, 13, 1, 13, 1, 13, 1, 13, 1, 13, 1, 13, 1, 13, 1, 6, 1, 6, 1, 6, 1, 26, 10, 8]
[5, 9]
[7, 4, 1, 13, 1, 13, 1, 6, 1, 6, 1, 6, 1, 26, 10, 8]
[7, 4, 1, 6, 1, 26, 10, 8]
[5, 9]
[5, 9]
[7, 4, 1, 6, 1, 26, 10, 8]
[5, 9]
[5, 9]
[7, 4, 1, 6, 1, 26, 10, 8]
[7, 4, 1, 6, 1, 6, 1, 26, 10, 8]
[5, 9]
[7, 4, 1, 13, 1, 6, 1, 26, 10, 8]
[7, 4, 1, 13, 1, 13, 1, 13, 1, 13, 1, 6, 1, 6, 1, 6, 199]
[7, 4, 1, 13, 1, 6, 1, 6, 199]
[5, 9]
[7, 4, 1, 6, 1, 26, 10, 8]
[7, 4, 1, 13, 1, 6, 1, 6, 1, 6, 199]
[5, 9]
[7, 4, 1, 13, 1, 13, 1, 13, 1, 6, 1, 6, 1, 6, 199]
[7, 4, 1, 13, 1, 13, 1, 6, 1, 6, 1, 6, 1, 26, 10, 8]
[7, 4, 1, 13, 1, 13, 1, 13, 1, 13, 1, 13, 1, 13, 1, 13, 1, 6, 1, 6, 1, 26, 10, 8]
[5, 49, 4]
[7, 4, 1, 6, 1, 26, 10, 8]
[5, 49, 4]
[5, 9]
[6, 8, 1, 6, 199]
[7, 4, 1, 13, 1, 6, 1, 6, 1, 26, 10, 8]
[5, 9]
[7, 4, 1, 6, 1, 26, 10, 8]
[7, 4, 1, 13, 1, 13, 1, 13, 1, 13, 1, 6, 1, 6, 1, 26, 10, 8]
[7, 4, 1, 13, 1, 6, 1, 6, 1, 26, 10, 8]
[7, 4, 1, 6, 1, 26, 10, 8]
[7, 4, 1, 13, 1, 13, 1, 13, 1, 13, 1, 13, 1, 13, 1, 13, 1, 6, 1, 6, 1, 6]
[7, 4, 1, 6, 1, 26, 10, 8]
[7, 4, 1, 13, 1, 13, 1, 6, 1, 6, 1, 6, 1, 26, 10, 8]
[7, 4, 1, 6, 1, 6, 1, 26, 10, 8]
[7, 4, 1, 13, 1, 6, 1, 6, 1, 6, 1, 26, 10, 8]
[7, 4, 1, 13, 1, 13, 1, 6, 1, 6, 1, 6, 1, 26, 10, 8]
[7, 4, 1, 13, 1, 6, 1, 6, 1, 26, 10, 8]
[7, 4, 1, 6, 1, 26, 10, 8]
[7, 4, 1, 13, 1, 6, 1, 6, 1, 26, 10, 8]
[7, 4, 1, 6, 1, 26, 10, 8]
[5, 9]
[7, 4, 1, 6, 1, 26, 10, 8]
[7, 4, 1, 13, 1, 6, 1, 6, 1, 6, 1, 26, 10, 8]
[7, 4, 1, 6, 1, 26, 10, 8]
[7, 4, 1, 13, 1, 13, 1, 6, 1, 6, 1, 6, 199]
[7, 4, 1, 13, 1, 13, 1, 13, 1, 13, 1, 13, 1, 6, 1, 6, 1, 26, 10, 8]
[7, 4, 1, 13, 1, 6, 1, 6, 1, 6, 1, 26, 10, 8]
[7, 4, 1, 6, 1, 26, 10, 8]
[5, 9]
[7, 4, 1, 6, 1, 6, 199]
[7, 4, 1, 13, 1, 6, 1, 6, 1, 26, 10, 8]
[7, 4, 1, 6, 1, 26, 10, 8]
[5, 9]
[6, 8]
[7, 4, 1, 13, 1, 13, 1, 13, 1, 13, 1, 13, 1, 6, 1, 6, 1, 6, 1, 26, 10, 8]
[7, 4, 1, 6, 1, 6, 1, 26, 10, 8]
[5, 9]
[5, 9]
[7, 4, 1, 13, 1, 13, 1, 13, 1, 6, 1, 6, 1, 6]
[7, 4, 1, 6, 1, 26, 10, 8]
[7, 4, 1, 6, 1, 6, 1, 26, 10, 8]
[7, 4, 1, 13, 1, 6, 1, 26, 10, 8]
[7, 4, 1, 13, 1, 13, 1, 6, 1, 6, 1, 6, 1, 26, 10, 8]
[5, 49, 4]
[7, 4, 1, 6, 1, 26, 10, 8]
[5, 9]
[7, 4, 1, 6, 1, 26, 10, 8]
[7, 4, 1, 13, 1, 13, 1, 13, 1, 6, 1, 6, 1, 6]
[7, 4, 1, 6, 1, 6, 1, 26, 10, 8]
[7, 4, 1, 6, 1, 26, 10, 8]
[7, 4, 1, 13, 1, 13, 1, 13, 1, 13, 1, 6, 1, 6, 1, 26, 10, 8]
[5, 49, 4]
[7, 4, 1, 13, 1, 13, 1, 6, 1, 6, 1, 6, 1, 26, 10, 8]
[5, 9]
[7, 4, 1, 6, 1, 6]
[7, 4, 1, 6, 1, 6, 1, 26, 10, 8]
[7, 4, 1, 13, 1, 6, 1, 6, 1, 26, 10, 8]
[7, 4, 1, 6, 1, 26, 10, 8]
[5, 9]
[7, 4, 1, 13, 1, 13, 1, 6, 1, 6, 1, 6, 1, 26, 10, 8]
[7, 4, 1, 13, 1, 13, 1, 13, 1, 13, 1, 13, 1, 13, 1, 13, 1, 13, 1, 6, 1, 6, 1, 6, 199]
[7, 4, 1, 13, 1, 13, 1, 13, 1, 6, 1, 6, 1, 6, 1, 26, 10, 8]
[7, 4, 1, 6, 1, 6, 1, 26, 10, 8]
[5, 9]
[7, 4, 1, 13, 1, 13, 1, 6, 1, 6, 1, 26, 10, 8]
[7, 4, 1, 13, 1, 13, 1, 13, 1, 13, 1, 13, 1, 13, 1, 6, 1, 6, 1, 6, 1, 26, 10, 8]
[7, 4, 1, 6, 1, 26, 10, 8]
[5, 49, 4]
[7, 4, 1, 13, 1, 6, 1, 6, 1, 26, 10, 8]
[7, 4, 1, 6, 1, 26, 10, 8]
[7, 4, 1, 13, 1, 13, 1, 13, 1, 13, 1, 6, 1, 6, 1, 26, 10, 8]
[7, 4, 1, 6, 1, 26, 10, 8]
[5, 9]
[5, 9]
[7, 4, 1, 13, 1, 13, 1, 13, 1, 13, 1, 6, 1, 6, 1, 6, 1, 26, 10, 8]
[5, 9]
[7, 4, 1, 13, 1, 13, 1, 13, 1, 13, 1, 13, 1, 13, 1, 6, 1, 6, 1, 6, 1, 26, 10, 8]
[7, 4, 1, 13, 1, 6, 1, 6, 1, 6]
[5, 9]
[7, 4, 1, 13, 1, 13, 1, 13, 1, 6, 1, 6, 1, 6, 1, 26, 10, 8]
[7, 4, 1, 6, 1, 6, 1, 26, 10, 8]
[7, 4, 1, 13, 1, 13, 1, 13, 1, 6, 1, 6, 1, 26, 10, 8]
[7, 4, 1, 13, 1, 13, 1, 13, 1, 6, 1, 6, 1, 6]
[7, 4, 1, 13, 1, 13, 1, 6, 1, 6, 1, 6, 1, 26, 10, 8]
[7, 4, 1, 13, 1, 13, 1, 6, 1, 6, 1, 6, 1, 26, 10, 8]
[7, 4, 1, 13, 1, 13, 1, 13, 1, 6, 1, 6, 1, 6, 1, 26, 10, 8]
[7, 4, 1, 6, 1, 26, 10, 8]
[7, 4, 1, 13, 1, 13, 1, 6, 1, 6, 1, 26, 10, 8]
[7, 4, 1, 13, 1, 13, 1, 13, 1, 13, 1, 13, 1, 13, 1, 6, 1, 6, 1, 26, 10, 8]
[7, 4, 1, 13, 1, 13, 1, 6, 1, 6, 1, 26, 10, 8]
[7, 4, 1, 13, 1, 13, 1, 6, 1, 6, 1, 6, 1, 26, 10, 8]
[7, 4, 1, 13, 1, 13, 1, 6, 1, 6, 1, 6]
[7, 4, 1, 13, 1, 13, 1, 6, 1, 6, 1, 6, 199]
[7, 4, 1, 6, 1, 26, 10, 8]
[7, 4, 1, 6, 1, 26, 10, 8]
[5, 9]
[7, 4, 1, 13, 1, 13, 1, 6, 1, 6, 1, 6, 1, 26, 10, 8]
[7, 4, 1, 13, 1, 13, 1, 13, 1, 13, 1, 6, 1, 6, 1, 6, 1, 26, 10, 8]
[5, 9]
[5, 9]
[7, 4, 1, 13, 1, 6, 1, 6, 1, 26, 10, 8]
[5, 9]
[5, 49, 4]
[7, 4, 1, 13, 1, 13, 1, 13, 1, 6, 1, 6, 1, 6, 1, 26, 10, 8]
[7, 4, 1, 13, 1, 13, 1, 13, 1, 13, 1, 6, 1, 6, 1, 6, 1, 26, 10, 8]
[5, 9]
[5, 49, 4]
[7, 4, 1, 6, 1, 26, 10, 8]
[7, 4, 1, 6, 1, 26, 10, 8]
[7, 4, 1, 13, 1, 13, 1, 6, 1, 6, 1, 6, 1, 26, 10, 8]
[5, 9]
[7, 4, 1, 13, 1, 13, 1, 13, 1, 6, 1, 6, 1, 6, 199]
[5, 9]
[7, 4, 1, 6, 1, 26, 10, 8]
[7, 4, 1, 6, 1, 26, 10, 8]
[7, 4, 1, 6, 1, 6, 1, 26, 10, 8]
[5, 9]
[7, 4, 1, 13, 1, 13, 1, 6, 1, 6, 1, 6, 1, 26, 10, 8]
[7, 4, 1, 6, 1, 26, 10, 8]
[5, 9]
[7, 4, 1, 6, 1, 26, 10, 8]
[7, 4, 1, 13, 1, 13, 1, 13, 1, 13, 1, 6, 1, 6, 1, 6]
[7, 4, 1, 13, 1, 13, 1, 6, 1, 6, 1, 26, 10, 8]
[5, 9]
[7, 4, 1, 6, 1, 26, 10, 8]
[7, 4, 1, 13, 1, 6, 1, 6, 1, 26, 10, 8]
[7, 4, 1, 6, 1, 6, 1, 26, 10, 8]
[7, 4, 1, 6, 1, 26, 10, 8]
[7, 4, 1, 13, 1, 13, 1, 13, 1, 6, 1, 6, 1, 26, 10, 8]
[5, 49, 4]
[5, 9]
[7, 4, 1, 13, 1, 13, 1, 6, 1, 6, 1, 26, 10, 8]
[7, 4, 1, 13, 1, 13, 1, 13, 1, 6, 1, 6, 1, 6, 1, 26, 10, 8]
[7, 4, 1, 13, 1, 6, 1, 6, 1, 6, 1, 26, 10, 8]
[5, 9]
[5, 9]
[7, 4, 1, 13, 1, 13, 1, 6, 1, 6, 1, 6]
[7, 4, 1, 13, 1, 13, 1, 6, 1, 6, 1, 26, 10, 8]
[7, 4, 1, 13, 1, 13, 1, 13, 1, 13, 1, 6, 1, 6, 1, 6, 199]
[7, 4, 1, 13, 1, 13, 1, 13, 1, 6, 1, 6, 1, 6, 1, 26, 10, 8]
[7, 4, 1, 13, 1, 13, 1, 6, 1, 6, 1, 26, 10, 8]
[7, 4, 1, 6, 1, 26, 10, 8]
[7, 4, 1, 13, 1, 13, 1, 13, 1, 13, 1, 13, 1, 6, 1, 6, 1, 6]
[7, 4, 1, 6, 1, 26, 10, 8]
[5, 9]
[6, 8, 1, 6, 199]
[7, 4, 1, 6, 1, 6, 1, 26, 10, 8]
[7, 4, 1, 13, 1, 13, 1, 6, 1, 6, 1, 6, 199]
[6, 8]
[5, 9]
[5, 9]
[7, 4, 1, 13, 1, 6, 1, 6, 1, 6, 1, 26, 10, 8]
[7, 4, 1, 13, 1, 13, 1, 6, 1, 6, 1, 26, 10, 8]
[5, 9]
[7, 4, 1, 13, 1, 6, 1, 6, 1, 6, 1, 26, 10, 8]
[7, 4, 1, 6, 1, 26, 10, 8]
[5, 49, 4]
[7, 4, 1, 13, 1, 6, 1, 6, 1, 26, 10, 8]
[7, 4, 1, 6, 1, 26, 10, 8]
[7, 4, 1, 6, 1, 26, 10, 8]
[7, 4, 1, 13, 1, 6, 1, 26, 10, 8]
[7, 4, 1, 13, 1, 6, 1, 26, 10, 8]
[5, 9]
[7, 4, 1, 13, 1, 13, 1, 13, 1, 6, 1, 6, 1, 6, 1, 26, 10, 8]
[6, 8, 1, 6, 199]
[7, 4, 1, 13, 1, 13, 1, 6, 1, 6, 1, 26, 10, 8]
[7, 4, 1, 6, 1, 26, 10, 8]
[7, 4, 1, 13, 1, 13, 1, 13, 1, 13, 1, 13, 1, 6, 1, 6, 1, 6, 1, 26, 10, 8]
[7, 4, 1, 13, 1, 13, 1, 13, 1, 13, 1, 13, 1, 6, 1, 6, 1, 6, 1, 26, 10, 8]
[5, 9]
[7, 4, 1, 6, 1, 26, 10, 8]
[5, 9]
[7, 4, 1, 13, 1, 13, 1, 6, 1, 6, 1, 6, 1, 26, 10, 8]
[7, 4, 1, 13, 1, 13, 1, 13, 1, 6, 1, 6, 1, 6]
[5, 9]
[7, 4, 1, 13, 1, 6, 1, 6, 1, 26, 10, 8]
[7, 4, 1, 13, 1, 13, 1, 13, 1, 13, 1, 13, 1, 6, 1, 6, 1, 6, 1, 26, 10, 8]
[7, 4, 1, 13, 1, 13, 1, 13, 1, 13, 1, 13, 1, 13, 1, 13, 1, 6, 1, 6, 1, 6, 1, 26, 10, 8]
[5, 9]
[7, 4, 1, 13, 1, 13, 1, 6, 1, 6, 1, 6, 1, 26, 10, 8]
[7, 4, 1, 6, 1, 26, 10, 8]
[5, 9]
[7, 4, 1, 6, 1, 26, 10, 8]
[7, 4, 1, 13, 1, 13, 1, 6, 1, 6, 1, 26, 10, 8]
[7, 4, 1, 13, 1, 6, 1, 6, 1, 26, 10, 8]
[5, 9]
[7, 4, 1, 13, 1, 13, 1, 13, 1, 13, 1, 13, 1, 6, 1, 6, 1, 6]
[7, 4, 1, 13, 1, 13, 1, 13, 1, 6, 1, 6, 1, 6, 1, 26, 10, 8]
[6, 8, 1, 6, 199]
[7, 4, 1, 6, 1, 26, 10, 8]
[7, 4, 1, 6, 1, 6, 199]
[7, 4, 1, 13, 1, 6, 1, 6, 1, 26, 10, 8]
[7, 4, 1, 6, 1, 6, 1, 26, 10, 8]
[7, 4, 1, 13, 1, 13, 1, 6, 1, 6, 1, 26, 10, 8]
[5, 9]
[6, 8]
[7, 4, 1, 6, 1, 6, 1, 26, 10, 8]
[7, 4, 1, 13, 1, 13, 1, 6, 1, 6, 1, 26, 10, 8]
[5, 49, 4]
[5, 9]
[7, 4, 1, 6, 1, 26, 10, 8]
[7, 4, 1, 13, 1, 6, 1, 6, 1, 26, 10, 8]
[7, 4, 1, 13, 1, 13, 1, 13, 1, 13, 1, 6, 1, 6, 1, 6, 199]
[5, 9]
[7, 4, 1, 6, 1, 26, 10, 8]
[7, 4, 1, 13, 1, 6, 1, 6, 1, 26, 10, 8]
[5, 9]
[7, 4, 1, 13, 1, 13, 1, 13, 1, 6, 1, 6, 1, 6]
[7, 4, 1, 6, 1, 26, 10, 8]
[7, 4, 1, 13, 1, 13, 1, 6, 1, 6, 1, 6, 1, 26, 10, 8]
[5, 9]
[7, 4, 1, 13, 1, 13, 1, 13, 1, 6, 1, 6, 1, 6, 1, 26, 10, 8]
[7, 4, 1, 13, 1, 13, 1, 13, 1, 6, 1, 6, 1, 6, 199]
[5, 9]
[7, 4, 1, 13, 1, 13, 1, 13, 1, 13, 1, 13, 1, 13, 1, 13, 1, 13, 1, 6, 1, 6, 1, 6, 1, 26, 10, 8]
[5, 9]
[7, 4, 1, 13, 1, 13, 1, 6, 1, 6, 1, 26, 10, 8]
[7, 4, 1, 13, 1, 13, 1, 6, 1, 6, 1, 26, 10, 8]
[7, 4, 1, 6, 1, 26, 10, 8]
[7, 4, 1, 6, 1, 26, 10, 8]
[5, 9]
[5, 9]
[7, 4, 1, 6, 1, 6, 1, 26, 10, 8]
[7, 4, 1, 13, 1, 6, 1, 6, 1, 26, 10, 8]
[6, 8, 1, 6, 199]
[7, 4, 1, 6, 1, 26, 10, 8]
[7, 4, 1, 13, 1, 13, 1, 13, 1, 6, 1, 6, 1, 6]
[5, 9]
[7, 4, 1, 6, 1, 6, 1, 26, 10, 8]
[7, 4, 1, 6, 1, 6, 1, 26, 10, 8]
[7, 4, 1, 13, 1, 13, 1, 13, 1, 13, 1, 13, 1, 13, 1, 6, 1, 6, 1, 6, 1, 26, 10, 8]
[7, 4, 1, 6, 1, 6, 1, 26, 10, 8]
[5, 9]
[7, 4, 1, 6, 1, 6, 1, 26, 10, 8]
[5, 9]
[7, 4, 1, 13, 1, 6, 1, 6, 1, 6, 1, 26, 10, 8]
[7, 4, 1, 13, 1, 13, 1, 13, 1, 13, 1, 13, 1, 6, 1, 6, 1, 26, 10, 8]
[7, 4, 1, 6, 1, 26, 10, 8]
[7, 4, 1, 13, 1, 13, 1, 6, 1, 6, 1, 6, 1, 26, 10, 8]
[7, 4, 1, 13, 1, 13, 1, 6, 1, 6, 1, 6, 199]
[5, 9]
[5, 9]
[5, 9]
[7, 4, 1, 13, 1, 13, 1, 13, 1, 6, 1, 6, 1, 6, 1, 26, 10, 8]
[7, 4, 1, 13, 1, 13, 1, 6, 1, 6, 1, 26, 10, 8]
[5, 9]
[7, 4, 1, 13, 1, 13, 1, 13, 1, 6, 1, 6, 1, 26, 10, 8]
[5, 9]
[7, 4, 1, 6, 1, 6, 1, 26, 10, 8]
[5, 9]
[7, 4, 1, 13, 1, 6, 1, 6, 1, 26, 10, 8]
[6, 8, 1, 6, 199]
[5, 9]
[7, 4, 1, 13, 1, 13, 1, 6, 1, 6, 1, 26, 10, 8]
[7, 4, 1, 13, 1, 6, 1, 6, 1, 26, 10, 8]
[7, 4, 1, 13, 1, 13, 1, 6, 1, 6, 1, 6, 1, 26, 10, 8]
[6, 1, 6, 199]
[7, 4, 1, 6, 1, 6, 1, 26, 10, 8]
[7, 4, 1, 13, 1, 6, 1, 6, 1, 6]
[7, 4, 1, 13, 1, 6, 1, 6, 1, 26, 10, 8]
[5, 9]
[7, 4, 1, 13, 1, 13, 1, 6, 1, 6, 1, 6, 1, 26, 10, 8]
[7, 4, 1, 6, 1, 26, 10, 8]
[7, 4, 1, 13, 1, 6, 1, 26, 10, 8]
[7, 4, 1, 13, 1, 13, 1, 13, 1, 13, 1, 13, 1, 6, 1, 6, 1, 6]
[7, 4, 1, 13, 1, 13, 1, 13, 1, 13, 1, 13, 1, 6, 1, 6, 1, 6, 199]
[5, 9]
[7, 4, 1, 6, 1, 6, 1, 26, 10, 8]
[7, 4, 1, 13, 1, 13, 1, 6, 1, 6, 1, 6, 1, 26, 10, 8]
[7, 4, 1, 13, 1, 6, 1, 6, 1, 26, 10, 8]
[7, 4, 1, 13, 1, 6, 1, 6, 1, 26, 10, 8]
[7, 4, 1, 13, 1, 13, 1, 6, 1, 6, 1, 6]
[7, 4, 1, 13, 1, 13, 1, 13, 1, 6, 1, 6, 1, 6, 1, 26, 10, 8]
[5, 9]
[7, 4, 1, 13, 1, 13, 1, 6, 1, 6, 1, 26, 10, 8]
[7, 4, 1, 13, 1, 6, 1, 6, 1, 26, 10, 8]
[7, 4, 1, 13, 1, 13, 1, 6, 1, 6, 1, 6]
[7, 4, 1, 6, 1, 6, 1, 26, 10, 8]
[7, 4, 1, 13, 1, 13, 1, 13, 1, 13, 1, 13, 1, 6, 1, 6, 1, 6, 199]
[7, 4, 1, 13, 1, 13, 1, 13, 1, 13, 1, 13, 1, 13, 1, 13, 1, 13, 1, 6, 1, 6, 1, 6, 1, 26, 10, 8]
[7, 4, 1, 13, 1, 6, 1, 6, 1, 6, 199]
[5, 9]
[5, 9]
[7, 4, 1, 13, 1, 6, 1, 6, 1, 6]
[7, 4, 1, 13, 1, 13, 1, 6, 1, 6, 1, 6]
[7, 4, 1, 13, 1, 13, 1, 6, 1, 6, 1, 6]
[7, 4, 1, 13, 1, 13, 1, 13, 1, 13, 1, 6, 1, 6, 1, 6, 199]
[6, 8]
[7, 4, 1, 6, 1, 26, 10, 8]
[5, 9]
[7, 4, 1, 13, 1, 13, 1, 13, 1, 13, 1, 6, 1, 6, 1, 6, 199]
[7, 4, 1, 13, 1, 13, 1, 13, 1, 6, 1, 6, 1, 6]
[7, 4, 1, 13, 1, 13, 1, 13, 1, 6, 1, 6, 1, 6, 1, 26, 10, 8]
[7, 4, 1, 13, 1, 13, 1, 13, 1, 6, 1, 6, 1, 6, 199]
[7, 4, 1, 13, 1, 6, 1, 6, 1, 6, 1, 26, 10, 8]
[7, 4, 1, 13, 1, 13, 1, 13, 1, 6, 1, 6, 1, 6, 1, 26, 10, 8]
[7, 4, 1, 13, 1, 13, 1, 13, 1, 6, 1, 6, 1, 26, 10, 8]
[7, 4, 1, 6, 1, 26, 10, 8]
[5, 9]
[7, 4, 1, 13, 1, 13, 1, 13, 1, 13, 1, 6, 1, 6, 1, 6]
[7, 4, 1, 13, 1, 13, 1, 13, 1, 13, 1, 13, 1, 6, 1, 6, 1, 6, 1, 26, 10, 8]
[7, 4, 1, 6, 1, 26, 10, 8]
[7, 4, 1, 13, 1, 13, 1, 13, 1, 13, 1, 13, 1, 13, 1, 13, 1, 6, 1, 6, 1, 6, 1, 26, 10, 8]
[7, 4, 1, 13, 1, 13, 1, 6, 1, 6, 1, 6, 199]
[7, 4, 1, 13, 1, 13, 1, 6, 1, 6, 1, 26, 10, 8]
[7, 4, 1, 13, 1, 13, 1, 6, 1, 6, 1, 26, 10, 8]
[7, 4, 1, 13, 1, 13, 1, 6, 1, 6, 1, 26, 10, 8]
[7, 4, 1, 13, 1, 6, 1, 26, 10, 8]
[7, 4, 1, 6, 1, 26, 10, 8]
[7, 4, 1, 13, 1, 13, 1, 6, 1, 6, 1, 6, 199]
[7, 4, 1, 13, 1, 13, 1, 6, 1, 6, 1, 6, 1, 26, 10, 8]
[7, 4, 1, 6, 1, 26, 10, 8]
[5, 9]
[5, 9]
[7, 4, 1, 6, 1, 26, 10, 8]
[7, 4, 1, 6, 1, 26, 10, 8]
[7, 4, 1, 6, 1, 26, 10, 8]
[7, 4, 1, 13, 1, 6, 1, 26, 10, 8]
[5, 9]
[7, 4, 1, 13, 1, 6, 1, 6, 1, 6]
[7, 4, 1, 6, 1, 26, 10, 8]
[7, 4, 1, 13, 1, 13, 1, 13, 1, 13, 1, 13, 1, 13, 1, 6, 1, 6, 1, 6, 1, 26, 10, 8]
[5, 9]
[7, 4, 1, 13, 1, 6, 1, 6, 1, 26, 10, 8]
[5, 49, 4]
[7, 4, 1, 13, 1, 6, 1, 6, 1, 26, 10, 8]
[7, 4, 1, 6, 1, 6]
[7, 4, 1, 6, 1, 6, 1, 26, 10, 8]
[7, 4, 1, 13, 1, 6, 1, 26, 10, 8]
[6, 8]
[7, 4, 1, 13, 1, 6, 1, 6, 1, 26, 10, 8]
[6, 1, 6, 199]
[5, 9]
[5, 9]
[7, 4, 1, 13, 1, 13, 1, 6, 1, 6, 1, 6, 1, 26, 10, 8]
[7, 4, 1, 6, 1, 26, 10, 8]
[7, 4, 1, 6, 1, 26, 10, 8]
[5, 9]
[7, 4, 1, 13, 1, 13, 1, 6, 1, 6, 1, 6]
[7, 4, 1, 13, 1, 13, 1, 6, 1, 6, 1, 26, 10, 8]
[5, 9]
[7, 4, 1, 13, 1, 6, 1, 6, 1, 6]
[7, 4, 1, 13, 1, 13, 1, 6, 1, 6, 1, 6, 1, 26, 10, 8]
[7, 4, 1, 6, 1, 26, 10, 8]
[5, 9]
[5, 9]
[5, 9]
[5, 9]
[7, 4, 1, 13, 1, 6, 1, 6, 1, 26, 10, 8]
[7, 4, 1, 13, 1, 13, 1, 13, 1, 13, 1, 13, 1, 6, 1, 6, 1, 6]
[7, 4, 1, 13, 1, 6, 1, 6]
[7, 4, 1, 13, 1, 6, 1, 6, 1, 6, 199]
[7, 4, 1, 6, 1, 26, 10, 8]
[5, 9]
[7, 4, 1, 13, 1, 6, 1, 26, 10, 8]
[7, 4, 1, 13, 1, 6, 1, 6, 1, 6, 1, 26, 10, 8]
[7, 4, 1, 13, 1, 13, 1, 6, 1, 6, 1, 6]
[7, 4, 1, 6, 1, 6, 1, 26, 10, 8]
[5, 9]
[7, 4, 1, 13, 1, 13, 1, 13, 1, 13, 1, 13, 1, 13, 1, 6, 1, 6, 1, 6, 1, 26, 10, 8]
[5, 9]
[7, 4, 1, 13, 1, 13, 1, 13, 1, 13, 1, 13, 1, 13, 1, 6, 1, 6, 1, 6]
[7, 4, 1, 6, 1, 6, 1, 26, 10, 8]
[7, 4, 1, 13, 1, 6, 1, 6, 1, 26, 10, 8]
[5, 49, 4]
[5, 9]
[7, 4, 1, 13, 1, 6, 1, 6, 1, 6, 1, 26, 10, 8]
[5, 9]
[5, 9]
[7, 4, 1, 13, 1, 13, 1, 13, 1, 6, 1, 6, 1, 6, 1, 26, 10, 8]
[5, 49, 4]
[7, 4, 1, 13, 1, 6, 1, 6, 1, 6, 199]
[5, 9]
[7, 4, 1, 13, 1, 13, 1, 13, 1, 6, 1, 6, 1, 26, 10, 8]
[7, 4, 1, 13, 1, 13, 1, 13, 1, 13, 1, 13, 1, 13, 1, 6, 1, 6, 1, 6, 1, 26, 10, 8]
[5, 9]
[7, 4, 1, 6, 1, 26, 10, 8]
[7, 4, 1, 6, 1, 26, 10, 8]
[7, 4, 1, 13, 1, 6, 1, 6, 199]
[7, 4, 1, 13, 1, 13, 1, 13, 1, 13, 1, 13, 1, 13, 1, 6, 1, 6, 1, 6, 1, 26, 10, 8]
[6, 8, 1, 6, 1, 26, 10, 8]
[7, 4, 1, 6, 1, 6, 1, 26, 10, 8]
[7, 4, 1, 6, 1, 26, 10, 8]
[6, 8]
[5, 9]
[7, 4, 1, 13, 1, 13, 1, 13, 1, 6, 1, 6, 1, 6, 1, 26, 10, 8]
[7, 4, 1, 6, 1, 26, 10, 8]
[7, 4, 1, 13, 1, 6, 1, 6, 1, 6, 1, 26, 10, 8]
[7, 4, 1, 6, 1, 26, 10, 8]
[7, 4, 1, 13, 1, 6, 1, 6, 199]
[5, 49, 4]
[7, 4, 1, 13, 1, 13, 1, 13, 1, 13, 1, 13, 1, 13, 1, 6, 1, 6, 1, 6, 1, 26, 10, 8]
[7, 4, 1, 13, 1, 13, 1, 6, 1, 6, 1, 6]
[7, 4, 1, 13, 1, 13, 1, 6, 1, 6, 1, 6, 1, 26, 10, 8]
[7, 4, 1, 13, 1, 13, 1, 13, 1, 6, 1, 6, 1, 6, 1, 26, 10, 8]
[5, 9]
[7, 4, 1, 13, 1, 13, 1, 13, 1, 13, 1, 13, 1, 13, 1, 13, 1, 6, 1, 6, 1, 6]
[7, 4, 1, 13, 1, 6, 1, 6, 1, 26, 10, 8]
[7, 4, 1, 13, 1, 6, 1, 6, 1, 26, 10, 8]
[7, 4, 1, 13, 1, 6, 1, 6, 199]
[5, 49, 4]
[7, 4, 1, 6, 1, 26, 10, 8]
[7, 4, 1, 6, 1, 26, 10, 8]
[6, 8, 1, 6, 199]
[7, 4, 1, 13, 1, 13, 1, 13, 1, 6, 1, 6, 1, 6, 1, 26, 10, 8]
[7, 4, 1, 13, 1, 13, 1, 6, 1, 6, 1, 6, 1, 26, 10, 8]
[7, 4, 1, 13, 1, 13, 1, 6, 1, 6, 1, 6]
[7, 4, 1, 13, 1, 13, 1, 13, 1, 6, 1, 6, 1, 6, 1, 26, 10, 8]
[5, 9]
[5, 9]
[7, 4, 1, 6, 1, 26, 10, 8]
[7, 4, 1, 13, 1, 6, 1, 6, 1, 6, 1, 26, 10, 8]
[7, 4, 1, 13, 1, 6, 1, 26, 10, 8]
[7, 4, 1, 13, 1, 13, 1, 13, 1, 6, 1, 6, 1, 26, 10, 8]
[5, 9]
[7, 4, 1, 13, 1, 13, 1, 6, 1, 6, 1, 6, 1, 26, 10, 8]
[5, 9]
[5, 49, 4]
[5, 9]
[7, 4, 1, 13, 1, 13, 1, 13, 1, 13, 1, 13, 1, 6, 1, 6, 1, 6, 1, 26, 10, 8]
[7, 4, 1, 13, 1, 13, 1, 13, 1, 13, 1, 6, 1, 6, 1, 26, 10, 8]
[7, 4, 1, 13, 1, 6, 1, 6, 1, 26, 10, 8]
[7, 4, 1, 13, 1, 13, 1, 13, 1, 6, 1, 6, 1, 6]
[5, 49, 4]
[7, 4, 1, 6, 1, 26, 10, 8]
[6, 8]
[7, 4, 1, 6, 1, 26, 10, 8]
[5, 9]
[5, 9]
[5, 9]
[5, 49, 4]
[7, 4, 1, 13, 1, 13, 1, 13, 1, 13, 1, 13, 1, 6, 1, 6, 1, 6, 1, 26, 10, 8]
[7, 4, 1, 13, 1, 13, 1, 6, 1, 6, 1, 6, 1, 26, 10, 8]
[7, 4, 1, 6, 1, 26, 10, 8]
[7, 4, 1, 6, 1, 26, 10, 8]
[7, 4, 1, 13, 1, 6, 1, 6, 1, 26, 10, 8]
[7, 4, 1, 13, 1, 13, 1, 6, 1, 6, 1, 6, 1, 26, 10, 8]
[7, 4, 1, 13, 1, 13, 1, 13, 1, 13, 1, 6, 1, 6, 1, 6, 1, 26, 10, 8]
[7, 4, 1, 13, 1, 13, 1, 13, 1, 13, 1, 13, 1, 13, 1, 13, 1, 13, 1, 13, 1, 13, 1, 6, 1, 6, 1, 26, 10, 8]
[7, 4, 1, 6, 1, 6, 1, 26, 10, 8]
[7, 4, 1, 6, 1, 6, 199]
[7, 4, 1, 13, 1, 13, 1, 6, 1, 6, 1, 26, 10, 8]
[7, 4, 1, 13, 1, 13, 1, 6, 1, 6, 1, 6, 199]
[5, 9]
[7, 4, 1, 6, 1, 6, 1, 26, 10, 8]
[7, 4, 1, 6, 1, 6, 1, 26, 10, 8]
[7, 4, 1, 13, 1, 13, 1, 6, 1, 6, 1, 6, 1, 26, 10, 8]
[7, 4, 1, 6, 1, 26, 10, 8]
[7, 4, 1, 13, 1, 13, 1, 13, 1, 6, 1, 6, 1, 6, 199]
[7, 4, 1, 13, 1, 13, 1, 13, 1, 13, 1, 13, 1, 13, 1, 13, 1, 13, 1, 6, 1, 6, 1, 6, 1, 26, 10, 8]
[7, 4, 1, 13, 1, 13, 1, 13, 1, 13, 1, 13, 1, 6, 1, 6, 1, 6, 1, 26, 10, 8]
[7, 4, 1, 6, 1, 6, 1, 26, 10, 8]
[7, 4, 1, 6, 1, 26, 10, 8]
[7, 4, 1, 6, 1, 6, 1, 26, 10, 8]
[7, 4, 1, 13, 1, 6, 1, 6, 1, 26, 10, 8]
[7, 4, 1, 13, 1, 6, 1, 26, 10, 8]
[7, 4, 1, 6, 1, 26, 10, 8]
[7, 4, 1, 6, 1, 26, 10, 8]
[7, 4, 1, 13, 1, 6, 1, 6, 1, 6, 1, 26, 10, 8]
[7, 4, 1, 13, 1, 13, 1, 13, 1, 6, 1, 6, 1, 26, 10, 8]
[5, 9]
[7, 4, 1, 13, 1, 13, 1, 13, 1, 13, 1, 6, 1, 6, 1, 6, 1, 26, 10, 8]
[7, 4, 1, 13, 1, 6, 1, 6, 1, 6, 1, 26, 10, 8]
[7, 4, 1, 6, 1, 6, 1, 26, 10, 8]
[7, 4, 1, 13, 1, 13, 1, 6, 1, 6, 1, 6, 199]
[7, 4, 1, 6, 1, 26, 10, 8]
[7, 4, 1, 13, 1, 13, 1, 6, 1, 6, 1, 26, 10, 8]
[7, 4, 1, 13, 1, 13, 1, 6, 1, 6, 1, 26, 10, 8]
[7, 4, 1, 6, 1, 6, 199]
[7, 4, 1, 13, 1, 6, 1, 6, 1, 6, 1, 26, 10, 8]
[7, 4, 1, 13, 1, 13, 1, 13, 1, 6, 1, 6, 1, 6]
[7, 4, 1, 6, 1, 26, 10, 8]
[7, 4, 1, 6, 1, 26, 10, 8]
[7, 4, 1, 6, 1, 26, 10, 8]
[6, 8]
[7, 4, 1, 13, 1, 6, 1, 6, 199]
[7, 4, 1, 13, 1, 13, 1, 13, 1, 13, 1, 13, 1, 13, 1, 13, 1, 13, 1, 6, 1, 6, 1, 26, 10, 8]
[6, 8, 1, 6, 199]
[7, 4, 1, 13, 1, 13, 1, 6, 1, 6, 1, 6]
[5, 9]
[7, 4, 1, 6, 1, 6, 1, 26, 10, 8]
[5, 9]
[7, 4, 1, 6, 1, 26, 10, 8]
[7, 4, 1, 13, 1, 6, 1, 6, 1, 26, 10, 8]
[7, 4, 1, 13, 1, 13, 1, 6, 1, 6, 1, 26, 10, 8]
[7, 4, 1, 13, 1, 6, 1, 6, 199]
[5, 9]
[7, 4, 1, 6, 1, 6, 199]
[5, 9]
[7, 4, 1, 13, 1, 6, 1, 6, 1, 6, 1, 26, 10, 8]
[7, 4, 1, 13, 1, 6, 1, 6, 199]
[7, 4, 1, 13, 1, 6, 1, 26, 10, 8]
[7, 4, 1, 13, 1, 13, 1, 13, 1, 6, 1, 6, 1, 6, 1, 26, 10, 8]
[7, 4, 1, 13, 1, 13, 1, 13, 1, 13, 1, 6, 1, 6, 1, 6]
[7, 4, 1, 13, 1, 13, 1, 13, 1, 13, 1, 6, 1, 6, 1, 26, 10, 8]
[5, 9]
[7, 4, 1, 6, 1, 6]
[7, 4, 1, 13, 1, 6, 1, 6]
[7, 4, 1, 13, 1, 13, 1, 6, 1, 6, 1, 6]
[5, 9]
[7, 4, 1, 13, 1, 13, 1, 13, 1, 13, 1, 6, 1, 6, 1, 6]
[7, 4, 1, 13, 1, 13, 1, 13, 1, 6, 1, 6, 1, 6, 199]
[6, 8, 1, 6, 199]
[5, 9]
[7, 4, 1, 13, 1, 13, 1, 6, 1, 6, 1, 26, 10, 8]
[7, 4, 1, 13, 1, 13, 1, 6, 1, 6, 1, 6]
[7, 4, 1, 13, 1, 6, 1, 6, 1, 26, 10, 8]
[5, 9]
[7, 4, 1, 13, 1, 13, 1, 13, 1, 13, 1, 6, 1, 6, 1, 6, 199]
[5, 9]
[6, 8, 1, 6, 1, 26, 10, 8]
[7, 4, 1, 13, 1, 6, 1, 6, 1, 6, 199]
[5, 9]
[5, 9]
[7, 4, 1, 13, 1, 13, 1, 13, 1, 6, 1, 6, 1, 6, 199]
[7, 4, 1, 6, 1, 26, 10, 8]
[7, 4, 1, 13, 1, 13, 1, 6, 1, 6, 1, 6, 1, 26, 10, 8]
[7, 4, 1, 6, 1, 26, 10, 8]
[5, 9]
[5, 9]
[7, 4, 1, 6, 1, 6, 1, 26, 10, 8]
[7, 4, 1, 13, 1, 13, 1, 6, 1, 6, 1, 6, 199]
[7, 4, 1, 13, 1, 13, 1, 13, 1, 13, 1, 13, 1, 6, 1, 6, 1, 6, 1, 26, 10, 8]
[7, 4, 1, 6, 1, 6, 1, 26, 10, 8]
[7, 4, 1, 13, 1, 6, 1, 6, 1, 26, 10, 8]
[7, 4, 1, 13, 1, 13, 1, 13, 1, 13, 1, 6, 1, 6, 1, 26, 10, 8]
[7, 4, 1, 13, 1, 6, 1, 6, 1, 6, 1, 26, 10, 8]
[7, 4, 1, 13, 1, 6, 1, 6, 1, 26, 10, 8]
[7, 4, 1, 6, 1, 6, 1, 26, 10, 8]
[5, 9]
[6, 8, 1, 6, 1, 26, 10, 8]
[7, 4, 1, 13, 1, 6, 1, 6, 199]
[7, 4, 1, 6, 1, 6, 1, 26, 10, 8]
[7, 4, 1, 13, 1, 13, 1, 6, 1, 6, 1, 6]
[5, 49, 4]
[7, 4, 1, 6, 1, 26, 10, 8]
[5, 9]
[7, 4, 1, 6, 1, 26, 10, 8]
[5, 9]
[5, 9]
[7, 4, 1, 13, 1, 13, 1, 6, 1, 6, 1, 6, 1, 26, 10, 8]
[5, 9]
[7, 4, 1, 13, 1, 13, 1, 13, 1, 13, 1, 13, 1, 13, 1, 6, 1, 6, 1, 26, 10, 8]
[7, 4, 1, 13, 1, 6, 1, 6, 1, 6, 1, 26, 10, 8]
[7, 4, 1, 6, 1, 6, 199]
[7, 4, 1, 13, 1, 13, 1, 13, 1, 13, 1, 6, 1, 6, 1, 6]
[7, 4, 1, 13, 1, 13, 1, 13, 1, 13, 1, 13, 1, 6, 1, 6, 1, 6, 1, 26, 10, 8]
[5, 9]
[7, 4, 1, 13, 1, 13, 1, 13, 1, 6, 1, 6, 1, 6, 1, 26, 10, 8]
[5, 9]
[7, 4, 1, 6, 1, 26, 10, 8]
[7, 4, 1, 13, 1, 13, 1, 6, 1, 6, 1, 6, 1, 26, 10, 8]
[5, 9]
[7, 4, 1, 6, 1, 26, 10, 8]
[7, 4, 1, 13, 1, 13, 1, 6, 1, 6, 1, 6, 1, 26, 10, 8]
[5, 9]
[7, 4, 1, 6, 1, 26, 10, 8]
[7, 4, 1, 6, 1, 6, 1, 26, 10, 8]
[7, 4, 1, 13, 1, 13, 1, 13, 1, 6, 1, 6, 1, 6, 1, 26, 10, 8]
[5, 49, 4]
[7, 4, 1, 6, 1, 6, 1, 26, 10, 8]
[7, 4, 1, 13, 1, 13, 1, 13, 1, 13, 1, 6, 1, 6, 1, 6]
[7, 4, 1, 6, 1, 6, 1, 26, 10, 8]
[7, 4, 1, 13, 1, 13, 1, 6, 1, 6, 1, 6]
[7, 4, 1, 13, 1, 6, 1, 6, 1, 26, 10, 8]
[7, 4, 1, 13, 1, 6, 1, 6, 1, 26, 10, 8]
[7, 4, 1, 6, 1, 6, 1, 26, 10, 8]
[7, 4, 1, 13, 1, 13, 1, 13, 1, 6, 1, 6, 1, 6, 199]
[5, 9]
[7, 4, 1, 13, 1, 13, 1, 6, 1, 6, 1, 6, 1, 26, 10, 8]
[6, 8, 1, 6, 199]
[7, 4, 1, 6, 1, 26, 10, 8]
[7, 4, 1, 13, 1, 6, 1, 6, 199]
[7, 4, 1, 13, 1, 13, 1, 13, 1, 13, 1, 13, 1, 13, 1, 6, 1, 6, 1, 6, 1, 26, 10, 8]
[6, 1, 6, 199]
[5, 9]
[7, 4, 1, 6, 1, 26, 10, 8]
[5, 9]
[7, 4, 1, 6, 1, 26, 10, 8]
[7, 4, 1, 13, 1, 13, 1, 13, 1, 6, 1, 6, 1, 6, 1, 26, 10, 8]
[7, 4, 1, 13, 1, 6, 1, 6, 1, 6, 1, 26, 10, 8]
[7, 4, 1, 13, 1, 13, 1, 13, 1, 13, 1, 13, 1, 6, 1, 6, 1, 26, 10, 8]
[6, 8]
[7, 4, 1, 13, 1, 13, 1, 6, 1, 6, 1, 26, 10, 8]
[7, 4, 1, 6, 1, 26, 10, 8]
[7, 4, 1, 13, 1, 13, 1, 13, 1, 6, 1, 6, 1, 26, 10, 8]
[7, 4, 1, 6, 1, 6, 1, 26, 10, 8]
[7, 4, 1, 13, 1, 6, 1, 6]
[7, 4, 1, 6, 1, 6]
[7, 4, 1, 6, 1, 26, 10, 8]
[7, 4, 1, 6, 1, 26, 10, 8]
[5, 9]
[7, 4, 1, 13, 1, 6, 1, 6, 1, 26, 10, 8]
[7, 4, 1, 13, 1, 6, 1, 6, 1, 26, 10, 8]
[7, 4, 1, 6, 1, 26, 10, 8]